31.647806
30.873598
31.232384
31.657255
31.846075
31.090765
31.232384
31.789434
31.610041
31.902731
31.808317
32.053791
32.5825
32.639164
32.346481
31.987705
31.949926
31.326799
31.38345
31.893286
31.940493
31.713903
31.921608
31.761112
31.779997
32.233177
32.403122
32.412567
32.743027
33.045158
33.101791
33.130119
32.799667
32.931847
32.875202
32.856319
33.101791
32.960171
33.205658
33.177326
33.177326
32.884632
33.243416
33.092354
33.526661
33.753265
33.847672
34.102585
33.951527
34.036503
34.055386
34.187565
34.074261
34.281986
34.22533
34.205437
34.006523
34.13913
33.883381
33.854946
33.258183
33.362381
32.955059
33.239235
33.27713
33.466579
33.210815
33.551826
33.911793
34.224384
34.309639
34.13913
34.565399
34.622231
34.536976
34.764324
34.802208
34.631714
34.641171
34.707474
34.868534
35.332672
34.991661
34.612759
34.186489
34.423302
34.536976
34.802208
34.934822
35.086388
35.18111
35.219002
35.200066
34.963234
34.887478
35.105331
34.821152
34.991661
35.076916
35.114799
35.18111
35.237946
35.20953
35.493702
35.815777
35.844196
36.156784
36.052589
36.090477
36.052589
35.730522
35.607376
35.531593
35.597912
35.796833
35.777885
36.071533
36.043118
35.692631
35.948387
35.910503
36.242046
36.147308
36.172985
36.192001
36.115948
36.325092
36.353611
36.4772
36.401146
36.401146
35.916302
35.640602
35.45998
35.46949
34.100521
33.511112
34.243122
33.910393
34.823032
34.804031
34.15757
34.052982
34.091019
33.910393
32.693535
33.520607
32.807606
32.38932
32.845634
33.40654
33.815323
33.492088
33.520607
33.758278
34.651905
34.594872
34.20509
33.349499
33.311462
33.035778
33.492088
33.520607
32.617481
32.08511
32.218204
32.037575
32.607971
32.703041
33.682224
33.606174
33.910393
34.414242
33.197392
33.282944
32.341782
32.579456
32.63649
32.883663
32.883663
32.161152
31.457663
31.581242
31.001341
30.497486
29.708429
28.959846
30.458923
30.774015
30.716719
31.031813
30.955431
30.18202
31.299158
31.509237
31.881615
32.015285
32.12986
32.101215
31.862513
32.36858
32.320827
32.569088
32.96056
32.511791
32.559528
32.597733
32.807789
32.444962
32.330383
32.96056
33.342487
33.342487
33.600296
33.791256
33.69577
33.380692
33.49527
33.533455
33.972683
34.03952
34.02042
34.325974
34.373711
34.392803
34.306877
34.612419
34.660149
34.669697
34.698353
34.698353
34.984795
34.870213
34.832024
34.641052
34.354607
34.249584
34.765194
34.879761
35.099373
35.061176
35.27124
35.311478
35.388115
35.42643
35.838367
35.186935
35.215672
35.483917
35.273155
35.397701
35.64677
35.991646
36.029972
36.106609
36.11618
36.240723
36.250305
36.125759
36.240723
36.211987
36.451485
36.46106
36.403584
36.25988
36.355686
36.44191
36.815525
36.748463
36.892155
37.035858
37.055019
37.055019
36.6814
36.623924
37.016697
36.88258
36.298206
36.269466
36.144924
36.31736
35.474331
35.73299
36.068295
36.508961
36.269466
35.982067
36.250305
36.240723
35.838367
35.876686
35.685093
35.407272
35.57972
35.100719
34.69836
35.397701
35.76173
36.039547
36.518551
36.671818
36.614346
36.585594
36.671818
36.643082
36.729298
37.064594
37.23703
37.601067
37.553169
37.54163
37.070442
36.964645
37.099285
37.24353
37.57048
37.762798
38.032051
37.955132
37.782032
37.897427
38.157063
38.176304
38.291695
38.310928
38.147453
37.974365
38.070518
37.83012
37.955132
38.157063
38.301304
38.108982
38.43594
38.349392
38.185913
37.666641
37.503162
37.24353
36.137665
36.637707
36.705017
37.464703
37.24353
36.810799
37.339691
36.262672
36.426155
36.90696
37.358921
37.070442
37.426235
37.349304
36.416531
36.849266
36.810799
37.003128
37.435848
37.407009
37.147366
37.54163
38.032051
38.032051
37.762798
37.54163
37.782032
37.983978
37.91666
37.762798
37.91666
37.91666
38.032051
37.810883
37.774204
37.43642
37.687351
37.648743
37.320614
37.532928
37.088989
36.452023
36.818756
37.330265
37.175846
36.587124
36.93457
37.137245
37.465382
37.407471
37.803162
37.745262
37.822464
37.542591
37.754898
37.426773
37.523285
37.716309
37.822464
38.092697
38.083038
38.285717
38.189201
38.401535
38.449783
38.343628
38.362923
38.440128
38.526985
38.488392
38.575249
38.633152
38.720009
38.990242
38.999889
39.1157
39.009541
38.913036
38.941986
39.250816
39.453487
39.646511
39.501743
39.106064
38.922684
39.144653
39.16396
39.46315
39.356979
39.27977
39.424541
39.656158
39.743023
40.003609
39.964989
39.99395
40.215923
40.437901
40.47665
40.496021
40.815731
40.815731
40.534782
40.602604
41.174183
40.873859
41.067623
41.028866
41.290443
41.697338
41.571407
41.997669
41.842663
41.958927
42.327072
42.569267
42.530521
42.520824
42.627403
42.249569
41.513271
42.104244
42.172058
42.288319
41.552025
41.997669
42.753342
42.97617
43.266811
43.034298
43.538078
43.499325
43.848099
43.799648
43.983727
43.886845
44.206547
43.906216
43.247433
41.687653
40.505714
40.534782
38.597172
38.655304
40.457275
39.217201
40.873859
39.5466
38.839378
35.97171
38.044949
36.175159
32.910286
35.981403
31.670216
33.355938
31.960863
32.290257
30.924238
30.385229
33.099758
33.284615
35.279171
34.033791
35.240242
34.77322
33.235973
33.965679
33.508392
35.9505
35.853207
36.874802
37.205608
37.079121
38.499622
37.857479
38.246662
38.995827
38.392605
37.118042
38.12991
38.120178
38.68449
39.054207
38.596928
39.813114
39.735275
38.703945
38.976376
39.423935
39.44339
39.968788
40.494171
40.708229
39.881222
39.346092
39.735275
39.997967
40.970921
40.727684
41.515766
41.136318
41.282269
41.457397
41.807663
41.817383
42.080082
42.313591
42.634663
43.004383
42.654129
43.636803
43.948151
43.987061
44.220573
41.885498
42.323318
42.712505
43.597885
43.588158
43.636803
43.490864
43.972828
44.255779
43.231339
43.660629
42.567886
43.104504
43.826485
44.255779
44.480179
45.387535
44.96801
45.4851
45.592422
45.826584
45.085083
45.592422
45.904636
45.641205
45.748531
46.626621
46.402225
46.70467
45.768044
45.514374
46.060734
45.621689
46.187572
46.24612
46.919315
47.38763
47.543739
47.826675
48.373051
48.070591
47.982784
47.436413
48.28524
48.392555
48.334019
48.62672
48.958443
48.724277
49.17308
49.456028
49.865799
50.158493
51.104893
51.026833
51.348801
51.348801
52.08054
52.73423
50.451191
49.768234
48.090103
49.338947
48.392555
48.255966
48.880386
49.358456
48.812092
48.26572
47.612034
47.401814
48.174252
46.922718
47.08894
47.998253
48.829342
48.663128
48.99556
49.445332
48.643574
49.54311
48.692455
49.60178
49.914658
50.559978
51.674629
51.469296
51.136868
50.931534
50.765312
49.95377
50.16888
50.090656
50.129768
50.344872
49.445332
49.582218
47.714706
48.360023
47.509377
47.832031
48.692455
50.393768
51.537746
51.596413
51.342182
50.775093
51.518192
51.11731
51.635521
52.085285
51.83107
51.234638
51.518192
51.127083
51.175972
51.801739
51.909294
52.143955
52.11462
52.759945
52.691498
52.613274
52.965267
53.023937
53.121716
52.388393
52.398174
52.427502
52.398174
53.0826
53.317265
53.659481
53.542152
53.376511
53.523529
53.239307
53.533329
54.180199
54.062584
54.00378
54.189999
53.41571
53.739155
53.278507
54.405617
54.983887
54.297813
54.091988
54.366417
53.827366
53.543129
54.170403
55.424931
55.748367
55.758167
56.209019
56.238422
54.787865
55.062302
53.944969
55.121098
55.934586
55.807175
56.356033
56.542248
56.797077
56.738274
56.620655
56.816681
57.140114
56.953899
56.806885
56.542248
56.189415
55.072098
54.954483
55.415131
53.797955
53.925369
55.32692
54.611446
53.278507
52.445408
53.2883
52.170986
53.758751
53.768559
54.836864
54.503635
54.925083
55.189705
55.238712
53.954773
54.121391
54.902203
54.735241
54.136124
54.106659
54.98077
55.029881
54.735241
55.39328
56.23793
57.33794
57.239719
57.475437
58.035263
58.555801
58.545979
59.086163
58.47723
59.410271
59.537949
59.1451
58.791519
59.243309
58.634369
59.390629
59.675453
59.508492
59.380806
59.626339
59.174549
59.056702
58.251339
58.133472
58.575443
58.987949
57.82901
57.583473
56.149532
56.728996
57.740612
57.475437
57.033466
57.062935
57.956688
57.671871
58.516518
58.62455
58.71294
58.516518
58.663841
58.398663
58.467407
58.045078
58.850441
58.938835
58.997768
59.01741
59.567417
59.675453
60.205814
59.911171
59.695091
60.31385
59.842419
60.379601
60.950241
60.960083
61.245407
61.255241
61.845562
62.042336
61.953785
62.209591
62.977001
63.321354
63.616512
63.193451
63.606678
63.82312
63.793602
63.980537
63.606678
63.154102
62.465397
63.232803
63.646038
64.147789
65.043098
65.111977
64.521667
64.590523
64.718437
64.315056
64.246201
64.708595
64.747948
65.111977
64.94474
64.934891
64.659401
64.62989
64.984093
65.239876
65.515358
64.934891
64.275703
64.659401
65.32843
66.056496
66.086006
66.115509
65.80069
66.371323
67.128899
66.981323
67.138733
67.158417
67.345345
67.345345
67.197784
66.823891
66.272942
66.194229
66.056496
66.55825
66.55825
65.780998
64.573883
64.662567
65.224258
65.854912
65.97316
65.372047
63.58847
63.598328
63.085911
63.746147
62.465107
63.292854
63.687012
64.278259
64.06147
63.657455
63.480076
63.893948
65.076439
65.579002
66.160385
66.643242
66.613678
67.057114
66.761497
67.293602
67.441422
67.66806
68.446533
68.820999
68.771729
69.096916
69.619186
70.456779
70.456779
70.476479
70.131599
69.234871
69.392532
70.190712
70.151306
70.762253
70.712982
71.373207
71.698395
70.969185
70.732689
71.008614
69.57975
70.880516
69.845818
68.801285
69.45166
68.485962
69.136337
70.988899
71.412621
70.673569
71.452034
70.634155
69.806404
71.30423
69.806404
69.303841
68.49736
69.820129
70.807259
71.290955
72.534744
72.208992
72.238594
71.902969
71.537735
72.090538
71.49826
69.227829
69.000801
68.329552
68.418381
69.129128
69.474625
67.766884
67.875465
66.286179
65.53595
64.687012
63.068108
63.423477
62.130333
62.238914
61.735477
63.838081
65.50634
65.990036
66.740257
64.282288
65.091743
64.558678
65.18058
66.365143
64.914055
63.048367
63.058247
64.331642
64.390877
62.554802
61.932903
61.123455
59.701977
61.508438
62.564671
62.623898
61.666386
62.732487
62.03162
61.241905
58.991241
58.616135
60.807568
60.353489
59.277508
58.408829
60.175804
62.041489
62.870686
64.065117
63.98106
65.05896
64.129395
65.29628
65.355621
66.235733
67.254288
66.532394
65.474289
65.51384
66.641174
65.464386
64.089844
64.435959
63.773396
62.141731
61.84507
62.814178
61.508846
61.587952
62.784512
62.230732
61.083626
59.273956
59.916733
57.681847
57.82029
59.837624
57.20718
57.929073
58.12685
60.08485
57.187405
56.702847
54.477852
54.972298
53.409847
53.23185
54.972298
54.458073
55.793068
53.17252
52.885738
52.806629
53.864742
52.865963
53.469185
54.823959
56.673187
56.455627
56.050182
57.503849
56.109516
56.366627
56.870956
56.356739
54.883293
52.875851
50.60141
50.670635
51.817741
49.909191
50.27507
51.614517
51.604599
52.44733
54.251751
53.884918
52.288696
52.417583
51.83263
52.199467
52.943047
53.299969
54.360813
54.420296
53.478424
52.72493
52.556385
52.66544
53.646973
53.161163
54.787132
55.510883
56.442841
55.510883
55.302681
54.251751
56.413101
57.216164
58.445557
58.22744
57.870522
59.218876
59.456829
59.129654
58.941277
58.445557
60.061607
59.803833
60.993565
61.33065
61.300915
60.834934
60.953907
59.843491
58.336498
58.207611
58.356327
59.308109
56.93856
56.343697
55.719086
55.312595
55.451397
54.72765
54.509529
55.550541
55.917377
57.017876
57.731716
54.72765
54.98542
54.142693
53.726288
54.167576
53.640812
52.696606
52.179779
51.354839
51.036789
51.036789
52.000874
50.669048
49.794415
50.977158
52.597214
52.567398
52.140018
50.271492
49.744717
49.168262
49.118561
50.321182
48.840271
50.490147
50.987095
50.599476
50.221794
51.493988
52.120144
53.163742
52.020752
51.235569
52.557461
52.040634
51.484047
49.764599
48.870087
49.585697
50.112461
50.380814
49.208012
52.845688
53.720322
53.173679
53.760078
53.233315
53.004715
53.064346
52.54752
53.312824
53.839588
53.640812
52.726421
52.368618
54.64465
54.7341
54.575077
53.511604
52.487885
52.26923
52.865566
52.497826
53.183617
53.829651
53.46191
51.802094
51.07655
50.648003
50.628071
51.375534
50.47858
50.727734
50.349018
49.721149
50.578239
50.498508
49.890579
50.020134
49.442101
50.528412
50.528412
50.847328
51.54496
51.714382
51.93364
51.983467
51.265903
51.006786
51.983467
52.651203
52.61134
52.531609
53.229237
53.40863
52.581436
53.328899
53.936836
54.574669
54.205921
53.906937
54.783958
54.116226
53.757442
53.887005
54.425179
54.524837
54.6544
53.827206
53.597984
52.601368
52.561508
52.960152
52.282452
52.55154
52.292419
52.113029
52.481777
53.338867
53.548157
52.79073
52.880424
52.033298
51.305771
51.475197
52.362183
52.152897
53.11961
52.710999
53.209999
53.98
53.23
53.52
53.759998
53.68