31.332228
31.605249
31.72765
32.038334
32.104233
32.188969
32.0854
32.283112
32.518486
32.424328
32.791508
32.810345
32.942146
33.186932
33.337566
33.243412
33.290497
33.751808
33.52586
33.186932
33.299904
33.168098
32.499653
31.191008
31.887695
31.680569
30.419003
30.955635
31.473444
31.558182
32.01009
32.518486
32.480831
32.405506
32.311356
32.339611
32.895073
33.290497
32.904484
32.5938
32.104233
32.301952
32.659702
32.735031
32.819759
33.008049
33.610596
33.619999
33.365814
33.243412
33.243412
33.243412
32.733574
32.846878
32.676933
31.827198
31.119083
32.082119
31.307917
31.119083
31.647806
30.873608
31.232386
31.657251
31.846085
31.090771
31.232386
31.789438
31.610037
31.902731
31.808317
32.053799
32.58252
32.639164
32.346485
31.987696
31.949936
31.326803
31.383451
31.893286
31.940491
31.713896
31.921614
31.761108
31.779989
32.233177
32.403122
32.412567
32.743015
33.045151
33.101795
33.130127
32.799671
32.931847
32.875202
32.856316
33.101795
32.960175
33.205654
33.177334
33.177334
32.88464
33.243412
33.092354
33.526669
33.753262
33.847672
34.102592
33.951534
34.036499
34.055382
34.187565
34.074261
34.281986
34.225334
34.205441
34.006516
34.139137
33.883373
33.854958
33.258179
33.362385
32.955055
33.239231
33.277138
33.466583
33.210815
33.551838
33.911789
34.224384
34.309639
34.139137
34.565395
34.622227
34.536976
34.76432
34.802219
34.631706
34.641178
34.707485
34.868515
35.332676
34.991669
34.612755
34.186501
34.423317
34.536976
34.802219
34.93483
35.086388
35.181122
35.218998
35.200058
34.963245
34.887466
35.105335
34.821144
34.991669
35.076916
35.114811
35.181122
35.237946
35.20953
35.493717
35.815777
35.844193
36.156784
36.052582
36.090473
36.052582
35.73053
35.607376
35.531605
35.597908
35.796829
35.777885
36.071537
36.043114
35.692623
35.948391
35.910496
36.242039
36.147324
36.172985
36.191994
36.115948
36.325085
36.353619
36.4772
36.401142
36.401142
35.916306
35.640614
35.45998
35.46949
34.100521
33.511105
34.243134
33.910381
34.823029
34.804016
34.157574
34.052998
34.091019
33.910381
32.693527
33.520607
32.80761
32.389324
32.845638
33.406536
33.815319
33.492088
33.520607
33.758282
34.651913
34.594879
34.20509
33.349495
33.311466
33.035767
33.492088
33.520607
32.617481
32.08511
32.218193
32.037567
32.607979
32.703045
33.682228
33.606178
33.910381
34.414242
33.197384
33.28294
32.341785
32.579445
32.636494
32.883659
32.883659
32.16116
31.457655
31.581249
31.001341
30.497484
29.708431
28.959846
30.458921
30.774015
30.716724
31.031816