41.174191
40.873867
41.067619
41.02887
41.290447
41.697346
41.571404
41.997677
41.84267
41.958923
42.327065
42.569263
42.530521
42.520828
42.627403
42.249569
41.513275
42.104252
42.172054
42.288322
41.552025
41.997677
42.753342
42.976166
43.266811
43.034294
43.538071
43.499329
43.848091
43.799648
43.98373
43.886848
44.206554
43.906212
43.247437
41.68766
40.505722
40.534775
38.597168
38.655304
40.457272
39.217205
40.873867
39.546604
38.839371
35.971718
38.04496
36.175163
32.91029
35.981403
31.670218
33.355938
31.960867
32.290257
30.924238
30.385225
33.099754
33.284618
35.279163
34.033787
35.240246
34.773232
33.235973
33.965683
33.508385
35.9505
35.853203
36.874809
37.205605
37.079121
38.499634
37.857483
38.246662
38.995838
38.392609
37.118042
38.129902
38.120174
38.684486
39.054207
38.596916
39.81311
39.735279
38.703945
38.976372
39.423931
39.443386
39.968781
40.494175
40.708225
39.881222
39.346092
39.735279
39.997971
40.970921
40.727688
41.51577
41.136314
41.282265
41.457397
41.807659
41.81739
42.080082
42.313595
42.634674
43.004391
42.654125
43.636799
43.948143
43.987068
44.220573
41.885494
42.323326
42.712505
43.597885
43.588158
43.636799
43.490864
43.972839
44.255768
43.231339
43.660625
42.567894
43.104504
43.826492
44.255768
44.480179
45.387539
44.968006
45.485104
45.592422
45.826588
45.085083
45.592422
45.90464
45.641209
45.748535
46.626625
46.402225
46.704678
45.76804
45.514374
46.060738
45.621689
46.187572
46.246117
46.919323
47.387634
47.543736
47.826675
48.373043
48.070595
47.98278
47.436409
48.285236
48.392559
48.334019
48.626717
48.958443
48.724281
49.173084
49.456024
49.865803
50.158497
51.104885
51.026829
51.348804
51.348804
52.08054
52.734238
50.451195
49.76823
48.090103
49.338951
48.392559
48.255962
48.88039
49.358463
48.812088
48.265728
47.612034
47.401817
48.174244
46.922714
47.088928
47.998257
48.829346
48.663124
48.995564
49.445335
48.643574
49.54311
48.692459
49.601776
49.914658
50.559982
51.674629
51.469299
51.13686
50.93153
50.765308
49.953781
50.16888
50.090656
50.129768
50.344875
49.445335
49.582226
47.714699
48.360016
47.509369
47.832031
48.692459
50.393764
51.537743
51.596405
51.34219
50.775097
51.518185
51.117306
51.635521
52.085289
51.83107
51.234642
51.518185
51.127087
51.175972
51.801739
51.909294
52.143951
52.11462
52.759941
52.691498
52.613285
52.965267
53.023933
53.121712
52.388393
52.39817
52.427505
52.39817
53.082603
53.317261
53.659481
53.542156
53.376511
53.523529
53.239296
53.533321
54.180195
54.062588
54.003777