54.189999
53.415714
53.739151
53.278503
54.405621
54.983894
54.297817
54.091988
54.366421
53.827362
53.543137
54.170395
55.424938
55.748367
55.758163
56.209011
56.238419
54.787865
55.062294
53.944973
55.121101
55.934586
55.807178
56.356026
56.542252
56.797077
56.73827
56.620655
56.816685
57.14011
56.953896
56.806885
56.542252
56.189419
55.07209
54.954479
55.415134
53.797962
53.925369
55.32692
54.611446
53.278503
52.445412
53.288303
52.17099
53.758755
53.768559
54.836868
54.503632
54.925076
55.189709
55.238712
53.954777
54.121391
54.902203
54.735237
54.136127
54.106663
54.98077
55.029881
54.735237
55.39328
56.237926
57.337933
57.239719
57.475437
58.035259
58.555801
58.545982
59.086163
58.477226
59.410278
59.537952
59.145092
58.791515
59.243305
58.634369
59.390629
59.675457
59.508488
59.380806
59.626335
59.174553
59.056698
58.251335
58.133472
58.575439
58.987949
57.829018
57.583473
56.149532
56.729004
57.74062
57.475437
57.033466
57.062935
57.956688
57.671871
58.516518
58.624554
58.712948
58.516518
58.663837
58.398659
58.467407
58.045082
58.850449
58.938839
58.997772
59.01741
59.567425
59.675457
60.205811
59.911163
59.695095
60.313854
59.842419
60.379601
60.950245
60.960087
61.245407
61.255241
61.845562
62.042336
61.953781
62.209591
62.977001
63.321354
63.616516
63.193459
63.606667
63.823124
63.793602
63.980534
63.606667
63.154095
62.465393
63.232803
63.646034
64.147797
65.043114
65.111992
64.521675
64.590546
64.71843
64.315056
64.246193
64.708588
64.747948
65.111992
64.944717
64.934891
64.659416
64.629906
64.98407
65.239876
65.515366
64.934891
64.275703
64.659416
65.328423
66.056488
66.085999
66.115509
65.800682
66.371323
67.128899
66.981316
67.138741
67.158417
67.345345
67.345345
67.197777
66.823898
66.272942
66.194229
66.056488
66.558258
66.558258
65.781006
64.573891
64.662582
65.224251
65.854919
65.973167
65.372055
63.588474
63.598331
63.085911
63.746143
62.465107
63.292858
63.687012
64.278259
64.06147
63.657452
63.480076
63.893944
65.076447
65.579002
66.160385
66.643234
66.613686
67.057121
66.761497
67.293617
67.441437
67.668068
68.446541
68.820992
68.771729
69.096924
69.619186
70.456772
70.456772
70.476486
70.131592
69.234879
69.392525
70.19072
70.151299
70.762253
70.712982
71.373222
71.698395
70.969193
70.732689
71.008598
69.579765
70.880493
69.845818
68.801285
69.451668
68.485954
69.13633
70.988899
71.412628
70.673561
71.452034
70.634155
69.806404
71.30423
69.806404
69.303848
68.49736
69.820129
70.807259
71.290962
72.534752
72.208992
72.238602
71.902962
71.537743
