67.254288
66.532394
65.474297
65.51384
66.641174
65.464394
64.089836
64.435951
63.773399
62.141739
61.845066
62.814178
61.508846
61.587955
62.784512
62.230736
61.083622
59.273952
59.916737
57.68185
57.820293
59.837624
57.20718
57.929073
58.12685
60.084843
57.187405
56.70285
54.477848
54.972294
53.409851
53.231857
54.972294
54.458076
55.793068
53.172516
52.885738
52.806629
53.864738
52.865955
53.469181
54.823959
56.67318
56.455627
56.050182
57.503849
56.10952
56.366627
56.870956
56.356739
54.883289
52.875851
50.601406
50.670631
51.817741
49.909187
50.275074
51.614517
51.604599
52.447327
54.251755
53.884918
52.288696
52.417583
51.83263
52.199467
52.943047
53.299965
54.360813
54.420296
53.478424
52.724934
52.556385
52.665443
53.646973
53.161167
54.787128
55.510887
56.442844
55.510887
55.302681
54.251755
56.413097
57.216167
58.445557
58.22744
57.870518
59.21888
59.456825
59.12965
58.941277
58.445557
60.061607
59.803833
60.993565
61.330658
61.300911
60.834934
60.953907
59.843487
58.336494
58.207607
58.356327
59.308113
56.938564
56.343697
55.719086
55.312595
55.451397
54.727646
54.509529
55.550541
55.917377
57.017876
57.731712
54.727646
54.98542
54.142696
53.726284
54.167576
53.640812
52.696606
52.179779
51.354836
51.036789
51.036789
52.000877
50.669048
49.794415
50.977158
52.597214
52.567398
52.140018
50.271488
49.744717
49.168259
49.118561
50.321186
48.840271
50.490147
50.987095
50.599472
50.221794
51.493988
52.12014
53.163742
52.020756
51.235573
52.557461
52.04063
51.484047
49.764599
48.870087
49.585693
50.112461
50.380817
49.208015
52.845688
53.720322
53.173679
53.760078
53.233311
53.004715
53.064346
52.54752
53.31282
53.839588
53.640812
52.726421
52.368614
54.644653
54.734104
54.575077
53.511604
52.487888
52.26923
52.86557
52.497826
53.183617
53.829651
53.46191
51.802094
51.07655
50.648003
50.628071
51.375534
50.47858
50.727734
50.349018
49.721149
50.578239
50.498508
49.890579
50.020134
49.442101
50.528412
50.528412
50.847328
51.54496
51.714382
51.93364
51.983467
51.265903
51.006786
51.983467
52.651203
52.61134
52.531609
53.229237
53.40863
52.581436
53.328899
53.936836
54.574669
54.205921
53.906937
54.783958
54.116226
53.757442
53.887005
54.425179
54.524837
54.6544
53.827206
53.597984
52.601368
52.561508
52.960152
52.282452
52.55154
52.292419
52.113029
52.481777
53.338867
53.548157
52.79073
52.880424
52.033298
51.305771
51.475197
52.362183
52.152897
53.11961
52.710999
53.209999
53.98
53.23
53.52
53.759998
53.68
53.52
