72.090538
71.498253
69.227837
69.000801
68.329544
68.418396
69.129128
69.474617
67.766884
67.875458
66.286179
65.53595
64.687019
63.068111
63.423481
62.130333
62.238918
61.735481
63.83807
65.506332
65.990036
66.74025
64.282288
65.091743
64.558685
65.18058
66.36515
64.914055
63.048367
63.058243
64.33165
64.390869
62.554798
61.932907
61.123451
59.701981
61.508434
62.564674
62.623901
61.666378
62.732487
62.03162
61.241913
58.991238
58.616131
60.807564
60.353485
59.277504
58.408829
60.175804
62.041489
62.870686
64.065109
63.98106
65.058952
64.129402
65.29628
65.355621
66.235733
67.25428
66.532394
65.474289
65.513847
66.641174
65.464394
64.089828
64.435951
63.773396
62.141735
61.845066
62.814175
61.508846
61.587955
62.784515
62.230732
61.083626
59.273956
59.916733
57.681847
57.820293
59.83762
57.207184
57.92907
58.126846
60.084846
57.187408
56.70285
54.477852
54.972294
53.409851
53.23185
54.972294
54.458073
55.793068
53.172516
52.885738
52.806633
53.864742
52.865959
53.469185
54.823959
56.673183
56.455627
56.050182
57.503849
56.10952
56.366623
56.870956
56.356739
54.883297
52.875854
50.601406
50.670628
51.817741
49.909187
50.275078
51.614513
51.604599
52.447327
54.251751
53.884918
52.2887
52.417583
51.83263
52.199467
52.94305
53.299969
54.360813
54.420296
53.478428
52.72493
52.556385
52.665443
53.646973
53.161167
54.787128
55.510883
56.442841
55.510883
55.302677
54.251751
56.413097
57.216164
58.44556
58.227436
57.870518
59.21888
59.456829
59.12965
58.941277
58.44556
60.061607
59.803829
60.993565
61.330654
61.300915
60.834934
60.953907
59.843494
58.336498
58.207607
58.356327
59.308113
56.938564
56.3437
55.719086
55.312595
55.451397
54.727642
54.509525
55.550541
55.917374
57.017876
57.731716
54.727642
54.98542
54.142696
53.726284
54.167576
53.640812
52.696606
52.179779
51.354836
51.036789
51.036789
52.000877
50.669048
49.794415
50.977158
52.597214
52.567398
52.140018
50.271488
49.744717
49.168259
49.118561
50.321186
48.840271
50.490147
50.987095
50.599472
50.221794
51.493988
52.12014
53.163742
52.020756
51.235573
52.557461
52.04063
51.484047
49.764599
48.870087
49.585693
50.112461
50.380817
49.208015
52.845688
53.720322
53.173679
53.760078
53.233311
53.004715
53.064346
52.54752
53.31282
53.839588
53.640812
52.726421
52.368614
54.644653
54.734104
54.575077
53.511604
52.487888
52.26923
52.86557
52.497826
53.183617
53.829651
53.46191
51.802094
51.07655
50.648003
50.628071
51.375534
50.47858
50.727734
50.349018
49.721149
50.578239
50.498508
