18.749617
18.530754
18.530754
18.311893
18.311893
18.311893
18.311893
18.311893
16.500149
16.500149
17.314823
17.314823
17.314823
17.314823
17.314823
17.314823
17.314823
17.108118
16.658215
16.658215
16.658215
16.658215
16.658215
16.658215
16.658215
16.658215
16.658215
16.658215
16.74334
16.74334
15.466619
16.293434
16.840614
16.694696
16.694696
15.649005
15.649005
15.527406
15.527406
16.001617
15.44229
15.44229
14.980236
14.858653
15.101834
15.892179
15.892179
15.539569
15.539569
16.31776
16.244812
15.794906
15.649005
14.838757
14.814432
14.437382
13.634628
13.841396
13.987352
14.060327
14.413052
14.32791
14.23061
13.160274
14.802267
14.838757
14.352245
13.634628
13.950866
14.242775
14.899577
14.717128
14.607666
14.996865
15.459063
15.629337
15.629337
15.580701
15.617186
15.56854
15.142828
15.410902
15.508198
15.237706
15.206562
15.206562
14.56631
14.897147
14.593545
14.254943
13.737285
13.840426
13.81707
13.676961
14.184875
13.715879
13.427859
13.204062
13.204062
12.30887
12.30887
12.66889
12.66889
11.9975
12.439256
12.3439
12.717543
12.552125
12.552125
12.552125
11.094524
11.094524
11.094524
11.454549
11.015259
10.986053
11.480639
11.480639
10.875061
11.147671
11.165188
11.43001
10.956845
10.902323
10.880902
10.549884
10.549884
9.772951
10.56546
10.56546
10.56546
10.919849
11.213872
11.021102
11.254767
11.229452
12.14074
12.602221
12.645059
12.17968
12.17968
12.06285
12.06285
12.154365
12.415289
12.415289
12.676215
12.35298
12.425026
12.767731
12.695688
12.559384
12.623646
12.382187
12.22836
12.432812
12.728791
12.968292
12.806681
13.209743
13.309054
13.073442
13.038395
12.750214
12.389977
12.078427
12.238095
12.193309
12.238095
12.497073
12.578856
12.613905
12.613905
12.226416
12.349086
12.086216
11.842814
11.605447
11.461356
11.488615
11.488615
11.985162
11.897529
11.747597
11.665814
11.683337
11.924794
12.057204
12.024101
11.897529
11.696969
11.307528
11.375677
11.332837
10.945344
11.537298
11.459407
11.517829
11.290001
11.227684
11.397096
11.36984
11.274424
11.274424
11.124491
11.066066
11.066066
11.34842
11.381519
11.467198
11.484728
11.414626
11.344521
11.344521
11.344521
11.344521
10.949234
11.079698
11.019334
10.773985
10.773985
10.5189
10.594844
10.666889
10.405963
10.456587
10.7993
10.805144
10.602629
10.542269
9.977572
10.096352
10.22681
10.22681
9.658225
9.442083
9.28631
8.972804
8.762505
8.499629
8.499629
8.039402
8.699927
8.797354
8.709679
8.719419
8.904521
8.777865
8.859705
9.379948
9.35267
9.216278
9.303961
9.196793
9.491013
9.804713
9.732623
9.644941
9.857325
9.605971
9.438406
9.348772
9.724827
9.738467
9.771594
9.93721
10.015153
9.607916
9.381898
9.537775
9.674167
9.674167
10.005408
10.139854
10.190517
10.268455
10.268455
10.209999
10.482784
10.656199
10.652299
10.521752
10.726345
10.512013
10.492524
10.492524
10.732191
10.667893
10.498371
10.519806
10.549035
10.397054
10.523701
10.969903
10.919244
10.761418
10.525648
10.473044
10.447707
10.387307
10.414589
10.54124
10.613335
10.609437
10.447707
10.519457
10.445375
10.562344
10.501906
10.605235
10.544796
10.381039
10.712459
10.819672
10.653973
10.698806
10.786535
10.605235
10.566241
10.478512
10.536998
10.402488
10.447321
10.347899
10.193886
10.209485
10.312807
10.349844
10.279672
10.039877
9.813741
10.131506
10.098368
9.934603
9.903417
9.897566
9.844931
9.825437
10.034029
9.991145
10.141253
10.108109
9.991145
9.739656
9.883919
9.533012
9.632438
9.932656
9.827387
9.782547
9.7572
9.991145
10.209485
10.18219
10.308911
10.186093
10.381039
10.37519
10.191941
10.123704
10.098368
10.204109
10.182651
10.233381
9.987542
10.067537
9.99925
10.048025
9.841209
9.847065
9.950473
9.942665
9.772923
9.671473
9.724147
9.683177
9.696836
9.570018
9.661716
9.335886
9.462701
9.345636
9.64415
9.603181
9.757314
9.544649
9.372957
9.242235
9.211015
9.20126
8.965183
8.848114
8.992498
9.019814
8.912502
8.758368
8.690078
8.623744
9.117366
8.87543
8.631545
8.84031
9.052978
9.099805
9.228576
9.287107
9.209067
8.935915
9.043225
9.150531
8.967126
8.838358
8.750565
8.828607
8.887137
8.428635
8.574961
8.682277
8.399372
8.379857
8.360349
8.301817
8.399372
8.184752
8.253037
8.545702
8.457901
8.262793
8.096952
8.020646
8.079194
7.942588
7.766955
8.088955
7.942588
7.932835
7.571803
7.727927
8.010895
7.878191
7.835256
7.474227
7.630352
7.630352
7.42544
7.357142
7.464478
7.298599
7.064415
6.92781
6.635087
6.986354
6.752178
6.996112
7.396171
7.474227
7.357142
7.337626
6.947326
6.683875
6.994163
7.122961
7.454714
7.386413
7.388365
7.396171
7.394219
7.688898
7.645966
7.874288
7.903562
8.001134
8.135789
7.903562
7.923073
7.727927
7.59132
7.59132
7.503504
7.181505
7.24005
7.124911
7.376657
7.415687
7.542534
7.601075
7.396171
7.298599
7.249809
7.279082
7.064415
7.0449
6.983948
6.856968
6.690917
6.905807
7.003484
6.856968
6.690917
6.929252
6.739758
6.690917
6.642079
6.612776
6.622542
6.530726
6.476027
6.983948
6.993716
7.325822
7.130466
7.335588
7.384424
7.394198
7.384424
7.4821
7.316055
7.384424
7.433265
7.423502
7.355124
7.392244
7.423502
7.716537
7.657927
7.550481
7.546572
7.443035
7.267213
7.462568
7.4821
7.618858
7.696998
7.618858
7.491874
7.638389
7.823976
7.775139
7.775139
7.540712
7.892351
7.906028
7.861093
7.695042
7.685278
7.609087
7.550481
7.443035
7.4821
7.521179
7.423502
7.364894
7.472339
7.472339
7.26526
7.130466
7.499156
7.342517
7.342517
7.440422
7.244617
7.029237
7.156507
7.322942
7.381677
7.606853
7.557901
7.381677
7.538318
7.606853
7.577479
7.630346
7.51874
7.440422
7.293567
7.199585
7.221122
7.266155
7.050776
6.937212
6.988122
7.046859
6.903925
6.945043
6.970498
6.743369
6.896096
6.755117
6.663092
6.686585
6.813857
6.678754
6.655259
6.69246
6.94896
6.94896
6.921547
7.035111
6.888261
6.813857
6.817772
6.894135
6.972455
6.892178
6.770781
6.866723
6.825606
6.817772
6.729661
6.653301
6.682669
6.947004
7.048818
7.319021
7.283776
7.383638
7.399299
7.571881
7.295361
7.432643
7.358116
7.348313
7.301242
7.211034
7.205151
7.422836
7.52677
7.43656
7.489512
7.450291
7.373805
7.348313
7.322819
7.438521
7.448332
7.544424
7.52677
7.5405
7.691509
7.740534
7.669932
7.58953
7.656208
7.764068
7.734652
7.701313
7.789566
7.771915
7.828785
7.779758
7.718965
7.83075
7.928805
7.883695
7.862126
7.883695
7.879776
7.720924
7.628753
7.648362
7.726809
7.717
7.832709
7.869968
7.860167
7.946455
7.962143
7.954297
8.109227
8.091576
8.06216
7.991559
8.071965
8.193557
8.193557
8.109227
8.322988
8.350441
8.360249
8.226894
8.200779
8.09869
8.143846
8.065313
8.128141
8.049605
8.049605
8.13403
8.20667
8.177221
8.338216
8.320548
8.310732
8.163477
8.214523
8.295021
8.279315
8.255756
8.179186
8.208636
8.09869
8.208636
8.208636
8.196856
8.196856
8.32643
8.269499
8.228266
8.324469
8.179186
8.226301
8.079051
8.100652
8.082983
8.112431
8.139918
8.149731
8.157586
8.202749
8.245936
8.308762
8.357851
8.322502
8.338216
8.312694
8.285204
8.32643
8.308762
8.342135
8.432453
8.536507
8.589519
8.61897
8.546326
8.640565
8.565958
8.491355
8.552215
8.520801
8.507057
8.589519
8.620929
8.713209
8.657378
8.525668
8.614128
8.450972
8.482426
8.376269
8.364472
8.334989
8.464728
8.511914
8.645586
8.649511
8.629856
8.62396
8.69276
8.70849
8.734043
8.787122
8.765498
8.798918
8.698658
8.761566
8.806779
8.688832
8.655412
8.582681
8.665242
8.773358
8.794984
8.777292
8.814645
8.901135
8.844132
8.783191
8.846096
8.88541
8.779257
8.773358
8.891311
8.889343
8.82644
8.751739
8.688832
8.765498
8.743869
8.647549
8.844132
8.87558
8.871651
8.891311
8.942417
8.920794
8.889343
8.889343
8.846096
8.883444
8.818576
8.810714
8.910968
8.950285
8.938492
8.940454
8.920794
9.044643
9.034995
8.987744
9.072397
9.019242
9.08225
9.149184
9.164941
9.184626
9.135403
9.277163
9.310631
9.344103
9.373635
9.308661
9.371663
9.290943
9.351974
9.389385
9.403169
9.411044
9.46814
9.44254
9.438606
9.55083
9.470107
9.287006
9.367727
9.36379
9.416946
9.413011
9.336226
9.326384
9.454359
9.44254
9.479952
9.540986
9.509482
9.456326
9.523267
9.511452
9.470107
9.426793
9.353945
9.336226
9.414979
9.418916
9.409074
9.483885
9.411044
9.422856
9.440577
9.472077
9.381504
9.32441
9.190533
9.125564
9.147216
9.09209
9.086184
9.212193
9.159034
9.153905
8.976509
8.980447
9.011986
9.142083
9.108571
9.238661
9.250492
9.246551
9.240635
9.404236
9.487027
9.449574
9.386501
9.366788
9.433806
9.362845
9.351019
9.380584
9.354961
9.416063
9.262317
9.303708
9.433806
9.451549
9.402263
9.420007
9.305679
9.242605
9.215008
9.218954
9.195302
9.244575
9.19333
9.155875
9.043525
9.14011
9.126312
9.106599
9.108571
9.004099
9.063234
9.106599
9.053378
9.057323
9.080977
9.17756
9.238661
9.297794
9.303708
9.307654
9.362845
9.321451
9.327363
9.431834
9.457456
9.410152
9.406213
9.321451
9.394382
9.400298
9.339194
9.38005
9.320836
9.354391
9.439266
9.395839
9.362287
9.324785
9.362287
9.415583
9.277406
9.228058
9.178712
9.153055
9.101726
9.115545
9.119493
9.129362
9.09186
9.034617
8.989219
8.939867
8.989219
8.922102
8.935923
8.803668
8.760242
8.854993
8.856961
8.876704
8.906309
8.947765
8.906309
8.880656
8.724713
8.596404
8.586538
8.633912
8.60825
8.574697
8.51745
8.665493
8.701022
8.783929
8.762215
8.825379
8.829332
8.801693
8.904341
8.890517
8.933946
8.868811
8.795773
8.856961
8.896446
8.918154
8.935923
8.945787
8.96158
8.979343
8.99711
9.046462
8.951713
8.983295
8.975581
8.955808
8.987451
8.8866
8.868802
8.849029
8.773881
8.837159
8.870781
8.872753
9.023039
9.064562
9.038862
9.072481
9.00722
8.892531
8.934055
8.932076
8.856937
8.773881
8.809478
8.864845
8.799591
8.833206
8.87869
8.744226
8.710608
8.817387
8.969652
8.977559
8.999313
9.005246
9.019089
9.12389
9.24847
9.317679
9.313725
9.345366
9.286038
9.369092
9.432371
9.485762
9.440277
9.436326
9.450165
9.327567
9.382933
9.37898
9.420504
9.414576
9.377004
9.30779
9.454122
9.50949
9.551016
9.523333
9.430395
9.477852
9.547059
9.531244
9.543104
9.604405
9.594521
9.576722
9.560963
9.521046
9.590891
9.634794
9.628812
9.638782
9.658745
9.662735
9.686686
9.668719
9.588898
9.485124
9.475146
9.481133
9.479138
9.537006
9.50907
9.537006
9.423258
9.471154
9.529025
9.467164
9.36938
9.285562
9.271597
9.299533
9.365386
9.347428
9.313503
9.373374
9.421262
9.457186
9.419271
9.491111
9.491111
9.481133
9.395327
9.447206
9.53302
9.501091
9.539006
9.52703
9.453197
9.433236
9.307514
9.339447
9.373374
9.439229
9.371371
9.439229
9.443213
9.427254
9.479138
9.511067
9.477145
9.427254
9.427254
9.35541
9.365386
9.327472
9.255631
9.261616
9.154234
9.19023
9.126242
9.148237
9.152236
9.192232
9.120243
9.234225
9.162233
9.030259
9.166237
9.176235
9.192232
9.236221
9.162233
9.166237
9.196232
9.108247
9.012269
8.916285
8.87429
8.896287
8.818306
9.004263
8.876291
8.968271
8.928281
8.952273
8.892289
8.888288
9.008263
9.028263
9.140236
9.142238
9.136238
9.174232
9.068254
9.142238
9.076255
9.088252
9.170235
9.224222
9.312203
9.3522
9.364201
9.430183
9.39619
9.374196
9.440181
9.464179
9.420187
9.458182
9.492176
9.422186
9.432186
9.414189
9.388193
9.440181
9.380192
9.392195
9.426186
9.358201
9.472176
9.487003
9.49702
9.476984
9.476984
9.376806
9.320704
9.254588
9.370793
9.348759
9.280632
9.282638
9.374801
9.29666
9.308683
9.440923
9.519062
9.563139
9.587185
9.627253
9.641278
9.593195
9.707396
9.731441
9.707396
9.723427
9.669331
9.711404
9.74146
9.811582
9.74146
9.755482
9.825608
9.823605
9.753482
9.719419
9.675343
9.711404
9.683353
9.697383
9.691366
9.721425
9.611224
9.619236
9.625249
9.617232
9.603211
9.587185
9.533084
9.535089
9.517056
9.583179
9.501027
9.563139
9.563139
9.557124
9.671336
9.681354
9.667328
9.731441
9.729438
9.643282
9.583179
9.579167
9.615304
9.571135
9.51694
9.434639
9.468762
9.48683
9.458728
9.464746
9.474784
9.547049
9.593217
9.571135
9.514931
9.382447
9.344307
9.340288
9.322223
9.290107
9.257987
9.270035
9.354342
9.36438
9.332261
9.456715
9.382447
9.414564
9.51694
9.496867
9.446684
9.344307
9.454712
9.617309
9.512926
9.641395
9.691582
9.677529
9.701616
9.689575
9.683549
9.767859
9.783917
9.787935
9.781912
9.808006
9.912393
9.948523
9.998707
10.052906
10.070971
10.089039
9.968596
9.970606
9.940496
10.081012
10.099078
10.068964
10.072981
10.040864
10.044881
10.072981
10.085023
10.11915
10.14324
10.145247
10.1179
10.015349
10.03144
10.067636
10.089752
10.097795
9.995247
10.041492
9.989216
9.936934
10.0797
10.148067
10.135995
10.234522
10.300874
10.300874
10.329025
10.290823
10.270714
10.264682
10.238542
10.298867
10.095781
10.129965
10.164145
10.123933
10.156104
10.26066
10.276748
10.27876
10.238542
10.182242
10.109859
10.1179
10.011333
10.067636
10.037472
10.057583
10.011333
10.099802
10.105834
10.198332
10.192296
10.156104
10.210398
10.196321
10.186262
10.242564
10.121925
10.238542
10.232512
10.222456
10.133986
10.0797
10.125941
10.053555
10.103827
10.146053
10.244573
10.272726
10.282782
10.289825
10.291841
10.223379
10.267676
10.267676
10.27775
10.27372
10.235456
10.338154
10.313993
10.291841
10.271704
10.340167
10.376417
10.38246
10.281775
10.281775
10.205254
10.201223
10.235456
10.185118
10.338154
10.368362
10.394541
10.358294
10.342181
10.287814
10.309963
10.330102
10.279757
10.265664
10.299894
10.253579
10.281775
10.368362
10.390508
10.370377
10.358294
10.2415
10.132762
10.132762
10.114635
9.979724
9.913272
9.939447
9.868968
9.836748
9.850846
9.955557
10.003888
9.850846
9.905219
10.062284
10.084431
9.866956
9.870982
9.812588
9.810572
9.764258
9.627331
9.536714
9.601153
9.796477
9.756536
9.681888
9.661712
9.78478
9.71215
9.744427
9.740395
9.651622
9.679867
9.895742
9.913895
9.95223
9.865479
9.865479
9.762586
9.76057
9.802935
9.720218
9.589084
9.494261
9.482154
9.490227
9.661712
9.53461
9.463998
9.615313
9.698028
9.693991
9.615313
9.714161
9.716186
9.651622
9.726271
9.736359
9.704078
9.681888
9.615313
9.595134
9.647589
9.613294
9.623381
9.766622
9.871531
9.883636
9.928019
9.887671
9.883636
9.827144
9.831182
9.853373
9.899775
9.946179
9.964335
9.980475
10.022838
10.036961
9.919949
9.871531
9.897756
9.913895
10.057139
10.089414
10.059152
10.123019
10.120998
10.082601
10.151316
10.078555
10.017927
10.118976
10.201838
10.203857
10.232147
10.213961
10.147269
10.157373
10.286717
10.363517
10.335222
10.353409
10.357452
10.306929
10.426164
10.438291
10.492853
10.430204
10.432223
10.466583
10.454457
10.52519
10.535294
10.561566
10.65251
10.56359
10.567628
10.551462
10.452435
10.472646
10.462537
10.579755
10.597946
10.630278
10.569653
10.575714
10.614116
10.701013
10.751537
10.775791
10.767706
10.765688
10.804086
10.844504
10.834396
10.648471
10.696974
10.791956
10.814189
10.749518
10.878859
10.929384
10.937467
10.872795
10.888962
10.893006
10.858648
10.866735
10.977888
10.968163
10.907372
10.931685
10.911423
10.84253
10.802006
10.812139
10.891161
10.876978
10.832404
10.795928
10.874951
10.814165
10.846583
10.834426
10.899268
10.998555
11.057317
11.063393
11.041106
10.998555
11.043134
10.958031
10.992475
11.105945
10.976267
10.953978
10.956002
11.002606
11.114052
11.136343
11.162683
11.124182
11.144445
11.180917
11.178889
11.09379
11.020842
11.110001
11.197124
11.245756
11.227523
11.272101
11.280207
11.276152
11.259944
11.213338
10.84253
10.905345
10.86482
10.741221
10.633827
10.771612
10.779717
10.846583
10.850636
10.870897
10.688535
10.735141
10.775662
10.736073
10.841651
10.906616
11.085277
11.097462
11.097462
11.115731
11.032492
10.95534
10.928949
10.965495
11.000011
11.109647
11.134007
11.1807
11.196952
11.203034
11.146189
11.227401
11.272064
11.357332
11.387793
11.379669
11.355308
11.4487
11.44667
11.45885
11.544124
11.527882
11.52382
11.428398
11.440578
11.546155
11.582698
11.627366
11.623302
11.623302
11.651726
11.509607
11.586757
11.548182
11.511641
11.60706
11.61924
11.674062
11.734971
11.724813
11.724813
11.59691
11.651726
11.692332
11.777607
11.820238
11.870998
11.913631
11.879115
11.765423
11.552244
11.694366
11.688272
11.582698
11.734971
11.816179
11.895139
11.866651
11.874788
11.750648
11.815773
11.732334
11.632616
11.600051
11.673317
11.685523
11.661103
11.78728
11.825948
11.868684
11.93788
11.93991
11.807631
11.860543
12.062018
12.078301
12.057951
12.076263
12.088477
12.119003
12.039635
12.049808
11.889039
11.860543
11.610228
11.475911
11.583775
11.406718
11.486087
11.587844
11.32735
11.506437
11.551208
11.69977
11.492191
11.38433
11.457595
11.22356
11.03633
11.028186
11.205242
11.231703
11.272406
11.410789
11.392472
11.536961
11.467772
11.241876
11.475911
11.467772
11.593949
11.726225
11.620401
11.671279
11.47184
11.461662
11.610228
11.620401
11.665173
11.67942
11.614297
11.891072
11.964336
11.923631
11.971755
11.947286
11.973798
12.03089
12.085949
12.055361
12.206257
12.194022
12.130814
12.161395
12.287822
12.295983
12.393857
12.434638
12.363268
12.450953
12.346959
12.293942
12.32045
12.377542
12.051284
12.067597
12.1981
12.175671
12.214416
12.314329
12.371424
12.310254
12.45299
12.226645
12.289863
12.253157
12.402013
12.090025
12.004385
11.79639
11.580245
11.926894
11.843292
11.737256
11.822898
11.676082
11.712786
11.553733
11.659769
11.468089
11.635297
11.957482
11.983988
12.000302
11.943209
11.904467
12.069633
12.261313
12.25927
12.328601
12.051284
12.12061
12.112455
11.988068
11.790275
11.843292
11.82698
11.930975
12.115701
12.199485
12.221964
12.070747
12.076879
11.99718
11.848007
11.829618
11.494488
11.465882
11.27175
11.408664
11.46997
11.316707
11.472011
11.183881
11.06536
10.775188
10.758845
10.605582
10.722063
10.920277
10.820148
10.920277
10.920277
10.871235
11.014277
11.218621
11.081709
10.807887
10.687317
10.803797
10.793581
10.922318
10.955014
11.120533
10.99997
11.024491
11.036746
11.081709
10.948884
11.055144
11.16345
11.25745
11.232926
11.145058
10.858974
10.891666
10.88145
10.957056
10.777235
10.652583
10.474801
10.744536
10.693453
10.754756
10.574929
10.425756
10.777235
10.544277
10.681274
10.941342
10.984348
10.91677
10.812332
10.732472
10.812332
11.127693
11.15022
11.172746
11.262846
11.203461
11.225988
11.094933
11.201413
11.002779
10.98025
11.010968
11.254654
11.301757
11.467627
11.5352
11.379575
11.459435
11.471725
11.5352
11.504484
11.465577
11.418478
11.63145
11.621211
11.635546
11.760461
11.61507
11.643741
11.602783
11.696977
11.742031
11.750222
11.885379
11.924282
11.948858
11.852611
11.653978
11.668308
11.55773
11.658071
11.723603
11.78913
11.868996
11.768651
11.737936
11.768651
12.01234
11.696977
11.67855
11.639639
11.479914
11.506534
11.680598
11.709265
11.701074
11.584352
11.627355
11.420732
11.406366
11.3325
11.40842
11.112951
11.098587
11.110899
11.102692
10.852365
10.835945
10.760025
10.852365
10.671797
10.723093
10.68616
10.677956
10.55279
10.723093
10.801064
10.794909
10.7826
10.850308
10.846208
10.649228
10.747711
10.57536
10.760025
10.905711
10.801064
10.718993
10.591775
10.774395
10.950852
10.784651
11.024719
11.067807
11.026772
11.094482
11.151935
11.156039
11.000099
10.915969
11.000099
11.03498
11.121157
10.936491
10.959055
11.030872
11.147832
11.008303
10.899555
10.811323
10.460452
10.530218
10.610239
10.306561
10.380428
10.540474
10.608193
10.224487
10.302464
9.89824
10.167037
10.500602
10.231198
10.03583
10.072846
10.185958
10.253819
9.540209
9.743805
9.595736
9.182371
9.063094
8.709374
8.256938
8.168509
7.74692
7.52893
8.425575
8.248713
7.403481
7.755146
7.818897
8.108869
7.907329
7.541267
7.39731
7.004517
7.02508
7.533041
7.607075
7.886765
7.997817
7.983418
8.287786
7.835351
7.473403
7.711959
7.627641
7.415819
7.070323
7.541267
7.263639
7.080606
7.051816
6.696037
6.243602
6.550023
7.033307
7.0148
7.298597
7.341783
6.800919
6.854387
7.127908
6.914029
7.158754
7.39114
7.263639
7.417877
7.164926
7.214283
7.177264
7.516589
7.491909
7.308883
7.422083
7.263025
7.184524
7.211378
7.279547
7.238233
7.384897
7.508842
7.787709
7.795972
7.8786
7.694755
7.71541
7.537762
7.370437
7.393161
7.155608
7.217577
7.302271
6.969692
7.178329
7.116355
7.147339
7.180395
7.271284
7.496447
7.289877
7.112222
7.12462
7.260956
7.250628
7.409687
7.574945
7.577009
7.281613
7.287809
7.333256
7.337387
7.019267
7.013071
6.934575
6.884998
6.62472
6.849881
6.777582
6.630914
6.564813
6.230169
6.242564
6.411952
6.180593
6.106226
6.066978
6.411952
6.513171
6.663966
6.711481
6.682557
6.854011
6.953164
6.928379
6.825539
7.277532
7.126176
7.159349
7.387421
7.215333
6.991407
7.074342
7.178012
7.408154
7.499381
7.443407
7.248507
7.364615
7.605125
7.630009
7.522191
7.551216
7.696353
7.723307
7.424742
7.532558
7.532558
7.574025
7.725379
7.694282
7.667331
7.853931
7.870516
7.88503
8.106883
8.096517
8.156642
8.036387
8.137982
8.036387
7.986627
7.779289
7.847709
7.777214
8.017728
8.04468
7.996993
7.837341
7.889178
8.061266
7.974185
8.06334
8.152497
8.430328
8.455208
8.316293
8.39715
8.409595
8.390934
8.463505
8.417888
8.453135
8.446914
8.266528
8.154569
8.173231
8.200186
8.236353
7.993131
7.982738
8.076283
8.240513
8.238435
8.302879
8.252985
8.263379
8.065889
8.016
7.853852
7.874639
7.903741
7.901663
8.053417
8.10747
8.346534
8.438003
8.465028
8.573125
8.616783
8.6251
8.837138
8.832981
8.830902
8.841297
8.78309
8.880795
8.876636
9.03463
9.049177
8.993057
8.939004
9.045023
8.988894
8.916133
9.028396
9.088677
8.98266
8.751909
8.85169
8.911978
9.017998
9.165595
9.165595
9.182227
9.175989
9.198857
9.19678
9.069964
8.932768
8.920289
9.005528
9.140651
9.225885
9.315273
9.427527
9.429609
9.479501
9.518997
9.649964
9.635413
9.628327
9.622081
9.682489
9.574169
9.47626
9.40127
9.561673
9.561673
9.526254
9.288776
9.224202
9.342941
9.49501
9.520006
9.617917
9.672077
9.682489
9.690825
9.840815
9.878309
9.824144
9.926226
9.86581
9.803314
9.86581
9.788733
9.688741
9.622081
9.388767
9.595
9.351271
9.415847
9.467929
9.607498
9.682489
9.726237
9.915805
9.899139
9.951222
9.859563
9.938721
10.074127
10.084542
10.05121
9.917886
9.867895
9.972052
9.9658
10.04496
9.876222
9.822062
10.019963
10.030378
9.951222
9.988718
9.974136
9.882476
9.930388
9.999132
10.022048
10.14287
10.122039
10.138702
10.036634
10.105124
10.22624
10.276361
10.343186
10.380772
10.410012
10.382865
10.391215
10.286804
10.451778
10.478927
10.485191
10.49354
10.56454
10.549923
10.416271
10.539482
10.549923
10.432982
10.562453
10.447603
10.32857
10.019506
10.084241
10.052918
10.100949
9.94015
9.848267
9.950595
10.069628
10.057093
9.71044
9.7543
9.72506
9.846177
9.804416
9.963123
9.946416
10.092596
10.138536
10.236687
10.25339
10.222069
10.111388
10.178215
10.188654
10.213716
10.353628
10.372421
10.407924
10.428804
10.560365
10.560365
10.58125
10.623013
10.652246
10.675222
10.645988
10.733692
10.7859
10.769192
10.690114
10.767517
10.838649
10.784254
10.752874
10.742413
10.830276
10.859568
10.809359
10.807269
10.989272
11.001822
10.928602
10.964167
11.039478
11.056212
11.062491
11.160815
11.188009
11.047847
11.022741
11.116881
11.127344
11.18592
11.275877
11.250768
11.001822
11.022741
11.156633
10.966259
11.091781
10.786347
10.711037
10.44326
10.158743
10.633634
10.608527
10.771704
10.690114
10.45372
10.449535
10.332381
10.26544
9.870052
9.974653
9.876329
9.884697
9.851221
10.167116
10.064611
9.874237
10.095986
10.21523
9.87214
9.704782
9.767547
9.719426
10.001848
10.104358
10.154564
10.344937
10.340756
10.321924
10.362374
10.299497
10.159072
10.096192
9.943183
9.974627
9.964146
9.551241
9.488362
9.463214
9.477884
9.435966
9.723108
9.82581
9.8845
9.909651
10.066846
10.075229
10.104575
9.802755
9.861442
10.020736
9.876112
10.083618
10.190505
10.286922
10.247099
10.165356
10.125534
10.146493
10.351894
10.286922
10.4001
10.36657
10.299497
10.383334
10.309974
10.01864
9.947378
9.901264
9.876112
10.039598
10.089905
9.92851
9.8845
9.834194
9.635079
9.697959
9.609929
9.769221
9.67281
9.607832
9.907556
9.993489
10.163262
10.066846
10.140201
10.184219
10.194698
10.349798
10.379141
10.41687
10.383334
10.464607
10.61161
10.567512
10.548611
10.481406
10.720814
10.672513
10.729212
10.718715
10.731316
10.727114
10.61161
10.855221
10.796414
10.785917
10.874117
10.878319
10.941321
11.044226
11.008521
11.092525
11.138726
10.922418
11.082025
11.088326
11.136628
11.222729
11.197532
11.168128
11.203829
11.201728
11.233232
11.346635
11.361336
11.550338
11.604939
11.583939
11.489433
11.577639
11.516734
11.35293
11.329832
11.117724
11.172329
11.350832
11.394937
11.428532
11.273131
11.472638
11.394937
11.405433
11.331934
11.573443
11.703642
11.756142
11.754045
11.758245
11.728843
11.760348
11.833848
11.844346
11.838044
11.787648
11.865346
11.892492
11.934585
11.982988
11.989303
11.976673
11.980885
11.976673
11.982988
11.982988
11.957737
12.081903
12.037704
12.102944
12.06296
12.035601
12.073483
12.077687
12.176601
12.151349
12.222902
12.279722
12.163975
12.14293
12.128198
12.185021
12.168186
12.273408
12.271307
12.046123
12.128198
12.298662
12.30498
12.315498
12.359691
12.448083
12.49859
12.483858
12.492278
12.56804
12.593292
12.561726
12.648007
12.673262
12.681679
12.387052
12.313392
12.328123
12.47965
12.511218
12.33234
12.368111
12.599607
12.494378
12.395471
12.48175
12.441767
12.222902
12.319711
12.248158
12.117678
11.886182
12.022974
12.017903
12.22278
12.207994
12.258683
12.387523
12.440327
12.429767
12.497354
12.571278
12.573389
12.611408
12.58395
12.594512
12.624077
12.586063
12.510027
12.510027
12.406534
12.484683
12.469896
12.493132
12.381185
12.452999
12.6621
12.748694
12.727572
12.84374
12.86275
12.959904
12.976802
12.983136
12.936674
12.845853
12.755032
12.805722
12.86275
12.981027
12.841625
12.934561
12.8374
12.736019
12.710677
12.84374
12.86275
12.786707
12.651538
12.659985
12.704341
12.759254
12.776154
12.866975
12.683219
12.664209
12.520585
12.395974
12.440327
12.347394
12.400196
12.214334
12.250237
12.379076
12.178428
12.167868
12.202643
12.272629
12.435922
12.378665
12.342617
12.213251
12.351097
12.495302
12.614069
12.743431
12.906727
12.961864
12.991554
13.176058
13.084866
12.828259
12.792204
12.811291
12.737068
12.807051
12.741308
13.014883
12.980949
13.118795
13.152727
13.084866
13.067898
12.777364
12.768877
12.684048
12.626789
12.317163
12.418959
11.840001
11.803948
11.116835
11.502805
11.159248
11.57915
11.721241
11.899378
11.77638
11.78274
11.256801
11.06381
11.131679
11.496446
11.638532
11.47736
11.651258
11.98845
12.047831
12.083882
11.956641
11.702151
11.649137
11.937552
11.854848
11.530373
11.606721
11.725479
11.901502
12.0754
12.158016
12.087751
12.057939
11.755589
11.393617
11.436206
11.595894
11.796042
11.563953
11.566088
11.336129
10.999705
11.216889
11.391482
11.638482
11.58099
11.904639
11.989801
12.109043
12.077108
12.2879
12.068587
12.230412
12.057939
12.072847
12.304935
12.481664
12.245314
12.341135
12.709492
12.741433
12.481664
12.160147
12.302806
12.560447
12.500825
12.547671
12.72014
12.272997
12.351779
12.598773
12.513602
12.600902
12.566833
12.187826
12.166534
11.938705
11.913155
11.659773
11.659773
11.972775
11.981289
12.40501
12.451854
12.453983
12.534897
12.57109
12.560447
12.324097
12.530638
12.339005
12.209118
12.087751
12.106915
12.130459
12.040569
12.387276
12.348753
12.4365
12.530665
12.571329
12.438644
12.543509
12.513548
12.652657
12.641955
12.663355
12.652657
12.659077
12.736124
12.733982
12.755384
12.7083
12.774646
12.885938
12.950138
12.94158
12.967264
12.937301
13.091391
12.995084
13.044307
12.997224
12.997224
13.093529
13.119211
13.264742
13.256183
13.307551
13.313966
13.367472
13.266885
13.373889
13.388875
13.305407
13.405999
13.453078
13.420975
13.453078
13.510864
13.557947
13.575068
13.628572
13.579349
13.647832
13.617872
13.566507
13.395296
13.468062
13.59219
13.622151
13.632851
13.810488
13.844728
13.88325
13.917187
13.97732
13.938664
13.917187
13.848459
13.869935
14.046047
14.043897
13.96873
13.979468
14.022426
14.129811
14.084706
14.003093
14.015979
13.884969
13.672346
13.72604
13.908595
13.814092
13.721743
13.927924
13.882819
13.775434
13.794767
13.680937
13.683084
13.934362
14.020275
14.067526
13.99021
14.093298
14.063231
13.96873
13.745368
13.738924
13.695969
13.599323
13.607915
13.625095
13.474756
13.42536
13.397438
13.171932
13.060246
13.320124
13.320124
13.35663
13.358781
13.32227
13.446837
13.326561
13.259987
12.955009
12.970045
13.036624
13.262131
13.333005
13.382402
13.234212
13.363077
13.324417
13.412475
13.526577
13.591288
13.737964
13.65384
13.397161
13.483436
13.313035
13.336763
13.444613
13.395
13.714239
13.755219
13.858754
13.867389
13.673254
13.690511
13.586973
13.593443
13.565404
13.737964
13.68404
13.781108
13.893271
13.979547
13.865228
13.737964
13.561093
13.574038
13.794046
14.0572
14.039943
13.994644
13.932095
13.852287
14.080929
14.128384
14.201721
14.175839
14.18662
14.203876
14.214664
14.221133
14.240545
14.339769
14.380753
14.385062
14.307415
14.352713
14.25565
14.322515
14.344083
14.374277
14.326829
14.225447
14.292316
14.288004
14.264271
14.51233
14.568411
14.495073
14.495073
14.490758
14.753916
14.799212
14.773324
14.807841
14.818628
14.781953
14.782173
14.747507
14.60885
14.517861
14.658683
14.600184
14.637017
14.60885
14.68901
14.78434
14.760506
14.693343
14.548188
14.43986
14.470195
14.424696
14.509192
14.693343
14.704179
14.630516
14.355371
14.3402
14.203712
14.149547
14.158214
14.190715
14.16038
14.320699
14.171214
14.238378
14.299044
14.028221
13.863568
13.902563
13.891732
13.872233
13.662076
13.649083
13.727076
13.995727
13.995727
14.026053
14.214543
14.188546
14.132215
14.188546
14.314206
14.320699
14.249207
14.218875
14.164713
14.231874
14.221041
14.264372
14.366199
14.342372
14.266539
14.156048
14.277372
14.483187
14.383532
14.409532
14.316033
14.270273
14.211432
14.196173
14.026186
14.287708
14.653832
14.603712
14.647297
14.614605
14.597172
14.625498
14.721395
14.738829
14.686524
14.673447
14.714852
14.810744
14.775872
14.83254
14.8783
14.843438
14.92189
14.895741
14.954585
14.897918
14.847792
14.989452
14.791135
14.985092
14.974195
14.932784
15.070091
15.067905
15.076625
15.061367
15.08099
15.059185
15.181238
15.004707
14.91971
14.985092
14.778054
14.86959
15.070091
15.024318
15.094059
15.155078
15.30981
15.320712
15.357756
15.410057
15.444932
15.410057
15.438396
15.488518
15.470805
15.41614
15.357101
15.486115
15.354908
15.472992
15.41614
15.556088
15.547341
15.597637
15.505793
15.612945
15.453306
15.475177
15.427073
15.464244
15.580137
15.79444
15.835984
15.807559
15.529844
15.704786
15.492675
15.359289
15.521099
15.639177
15.636998
15.759451
15.831606
15.79444
15.908139
15.899393
15.785692
15.975932
16.146492
16.185856
16.229589
16.317064
16.266758
16.373911
16.376095
16.520414
16.607876
16.540091
16.651613
16.634121
16.68442
16.524788
16.507294
16.448246
16.575085
16.44388
16.511673
16.258013
16.36735
16.29081
16.045904
16.153051
16.389214
16.371719
16.209906
16.06558
16.275507
16.227402
16.341106
16.457003
16.271135
15.838165
15.862103
15.7084
15.83576
15.976283
16.077286
15.954328
16.101446
16.12998
16.145355
16.294666
16.334188
16.461548
16.496677
16.764555
16.779932
16.795301
16.731619
16.804079
16.832628
16.834812
16.867758
16.793098
16.757967
16.826036
16.830431
16.808474
16.845797
16.799692
17.02585
17.02585
17.032429
16.9468
16.907284
16.953394
16.907284
16.885319
16.966564
16.880936
16.62623
16.58012
16.518631
16.573532
16.582304
16.654766
16.703074
16.670141
16.371515
16.487898
16.487898
16.428606
16.501068
16.648188
16.659159
16.753574
16.85677
16.94241
16.959974
16.964371
17.001696
17.065372
17.151001
17.374977
17.383759
17.281919
17.20256
17.18713
17.10116
17.162886
17.140839
17.032827
17.162886
17.162886
17.037239
17.145247
16.990944
16.781538
16.741858
17.070301
17.222397
17.301758
17.191536
17.403151
17.531004
17.658859
17.685312
17.806545
17.722784
17.810953
17.870472
17.903543
17.978479
17.914557
17.890312
17.905743
17.967461
17.932192
17.969664
17.716169
17.883696
17.947622
17.943218
18.0865
18.225367
18.300314
18.183489
18.13279
18.062252
18.238596
18.315742
18.304724
18.395107
18.419348
18.434784
18.364246
18.269451
18.322355
18.271658
18.474457
18.470051
18.459024
18.249615
18.192305
18.165852
18.300314
18.254025
18.50532
18.529564
18.642706
18.768909
18.784409
18.868542
18.855257
18.828693
18.946035
18.731268
18.779982
18.680349
18.804333
18.841974
18.817619
18.861902
18.609489
18.881823
18.961538
18.946035
18.88847
18.981457
19.03903
18.833118
18.50322
18.341591
18.399153
18.217596
18.489935
18.354872
17.909843
18.098038
18.095819
18.310587
18.62499
18.682558
18.872972
18.886261
19.019102
19.030172
19.112095
18.988104
19.098806
19.072243
19.222803
19.174095
19.169664
19.289227
19.309147
19.151953
19.470779
19.499565
19.515059
19.461924
19.47299
19.404352
19.404352
19.151953
19.072243
19.231653
19.433142
19.289227
19.342361
19.247746
19.138914
19.192221
19.036745
18.941236
19.010092
19.178892
19.363241
19.423214
19.374342
19.056734
18.776882
18.88349
19.163347
18.685816
18.49925
18.619186
18.767992
18.990105
19.032297
19.121147
19.225533
19.161121
19.196663
18.987879
19.087828
19.176668
19.214422
19.238857
19.249962
19.303276
19.185553
19.181107
19.143354
19.227758
19.447639
19.445415
19.349915
19.167789
19.272179
19.376568
19.241085
19.416544
19.516497
19.620878
19.740818
19.705286
19.829659
19.871862
19.86742
19.874083
19.914066
20.056208
20.129511
20.162827
20.145048
20.089527
19.925167
19.949602
19.989582
20.040667
20.198357
20.18059
20.223843
20.192627
20.096771
20.250597
20.221611
20.281797
20.266201
20.469055
20.466833
20.580521
20.498034
20.33976
20.446768
20.348682
20.386572
20.524786
20.453455
20.504726
20.27511
20.49358
20.444532
20.551535
20.616186
20.602812
20.489126
20.498034
20.431158
20.446768
20.025434
19.978621
20.130207
19.956324
19.936264
19.838181
20.054419
20.136898
20.090084
20.24836
20.333075
20.393263
20.560455
20.714275
20.765549
20.77001
20.778923
20.872555
20.897078
20.850256
20.841343
20.881468
20.901537
20.852491
20.810133
20.908226
20.890387
20.743259
20.888159
20.834658
20.76778
20.689751
20.868093
20.966188
21.006313
21.037853
20.811924
20.749298
20.9014
20.561394
20.756004
20.706791
20.691132
20.393627
20.389147
20.617313
20.568102
20.25271
20.626261
20.232571
19.944019
19.565979
19.577169
19.492165
19.483215
19.735985
19.950731
20.362314
20.207966
20.512186
20.668766
20.648628
20.89245
20.863369
21.013243
21.2593
21.274958
21.207848
21.304031
21.384565
21.353251
21.43825
21.471802
21.496408
21.509834
21.518782
21.485228
21.64628
21.606012
21.632862
21.731283
21.840897
21.847597
21.923653
21.910234
21.708908
21.818518
21.892342
21.901283
21.907993
21.760366
21.77602
21.424826
21.527725
21.214558
21.109426
20.845482
21.257061
21.758127
21.910408
21.977789
21.928377
21.968805
22.042923
22.081108
21.921635
21.75094
21.69478
21.362364
21.196157
21.452204
21.852011
21.685801
21.526327
21.503868
21.409529
21.184931
21.481409
21.535313
21.640881
21.966564
21.912651
21.989019
21.600447
21.378086
21.622908
21.335413
21.539806
21.75094
21.692541
21.944096
21.777882
21.681311
21.959822
22.031698
22.236084
22.348391
22.375343
22.449457
22.435989
22.604443
22.658352
22.662842
22.651613
22.689791
22.608932
22.790869
22.667334
22.57749
22.626898
22.292238
22.393309
22.033939
21.948595
22.193409
22.090094
22.384333
22.364115
22.579741
22.611181
22.797997
22.716866
22.637999
22.185053
22.139986
22.221109
22.428429
22.216599
22.101685
22.194065
22.318012
22.286463
22.38336
22.457724
22.552366
22.480259
22.435186
22.547865
22.532082
22.268431
22.525328
22.55687
22.694338
22.773201
22.8363
22.723629
22.757429
22.62673
22.297728
22.597433
22.628983
22.33604
22.23914
22.385611
22.694338
22.588415
22.527578
22.50054
22.813761
22.820524
22.924187
22.890381
22.870102
22.908409
22.917423
22.647013
22.917423
22.874605
22.723629
22.773201
22.757429
22.77095
22.572649
22.552366
22.412655
22.34956
22.64476
22.70785
22.534344
22.430687
22.559124
22.642502
22.906151
22.791248
22.92244
22.924706
22.78899
22.770893
22.700773
22.212189
22.307199
22.388628
22.463268
22.386366
22.522079
22.194096
22.223503
22.522079
22.782204
22.890776
22.863632
23.101135
23.218748
23.309231
23.241375
23.123751
22.981256
22.811607
22.657795
22.949593
23.098875
23.121492
23.094353
23.017445
23.024233
23.094353
22.856846
22.786722
23.044582
22.852325
22.841019
22.86816
22.958637
23.114708
23.053637
22.956373
22.404459
21.678377
20.812061
20.560982
21.447662
21.927191
21.888739
21.69195
21.106112
21.522305
21.495161
21.203373
21.716827
21.409212
21.565273
21.65576
21.603731
21.895525
22.033501
22.038025
21.748034
21.820707
21.573179
21.550474
21.455095
21.377884
20.773834
20.778381
21.173506
21.187136
21.607239
21.947878
21.811615
21.975126
22.152248
22.220381
22.27034
22.120457
22.015999
22.340733
22.408855
22.529211
22.458824
22.343002
22.68136
23.060596
23.060596
23.021994
23.274057
23.308113
23.190029
23.467077
23.480703
23.469351
23.41258
23.38987
23.162788
23.146889
23.110552
22.856216
22.50878
22.826698
22.858494
23.196846
23.215012
23.346724
23.324018
23.342182
23.36035
23.362621
23.2241
23.467077
23.274057
22.912987
23.398956
23.258162
23.230909
22.969761
23.008364
22.574633
22.715418
22.865297
23.228638
22.892555
22.444445
22.654352
22.809504
23.008003
23.021694
22.976053
23.261267
23.112959
22.855135
22.398806
22.478661
22.261909
21.686935
21.490717
21.552322
21.764517
21.153036
21.481583
21.034388
21.077738
20.883801
20.956814
21.435961
21.171286
21.390326
21.038952
21.200943
21.675528
21.725725
21.35154
21.346972
21.328714
20.735493
20.427481
20.463982
20.523304
20.349903
20.664768
21.073172
21.445084
21.296778
21.335562
21.63674
21.390326
21.506689
21.766794
21.725725
21.511253
22.067963
22.07938
22.086218
22.138697
22.056559
21.910536
22.006359
21.994957
22.34861
22.396524
22.378275
22.528862
22.597311
22.644024
22.70356
22.724184
22.609678
22.627991
22.625702
22.893642
23.00127
23.021883
23.200504
23.115778
22.900513
23.193642
22.893642
22.927986
22.818073
22.9944
23.173025
23.198217
23.175316
23.321884
23.292112
23.27837
23.191347
23.063108
23.060812
23.010427
22.98295
22.749371
22.662348
22.877609
22.712729
22.625702
22.623419
22.74021
22.799753
23.102037
22.879894
22.827232
22.724184
22.939438
22.669212
22.660057
22.561583
22.689827
22.662348
23.028753
23.154707
23.186768
23.280663
23.2715
23.28524
23.353939
23.289822
23.365391
23.367683
23.424934
23.434093
23.200504
23.049366
23.033331
22.973791
23.069971
22.918016
23.03756
23.095034
23.060551
23.301941
22.538691
22.166265
22.543289
22.92951
23.198484
23.285849
23.191587
23.33182
23.299639
23.662867
23.747929
23.85828
23.853678
23.968626
23.95023
24.014606
23.982422
24.154839
24.058285
24.164036
24.115755
24.095064
24.115755
24.212313
24.262886
24.290476
24.159435
24.203112
24.230705
24.391634
24.338757
24.377836
24.331858
24.472092
24.410019
24.488184
24.318058
24.384733
24.350248
24.380133
24.366339
24.472092
24.274382
24.239904
24.249094
24.308868
24.221512
24.198517
24.221512
24.345655
24.384733
24.405424
24.285875
23.67206
24.019201
23.791613
23.777815
24.067486
24.015333
24.010717
24.061481
24.27376
24.460655
24.322218
24.100706
24.276064
24.366058
24.130701
24.28068
24.225306
24.112247
24.151464
24.181465
24.109936
24.202227
23.897654
23.964573
23.851507
23.902266
23.793821
23.969185
24.001486
23.966881
24.036097
24.218384
24.079947
23.962263
23.844587
23.779976
23.761522
23.553854
23.408484
23.281586
23.235434
23.766136
23.8792
24.001486
23.819206
23.839968
23.666918
23.865351
23.941496
24.075321
23.999184
24.213772
24.26684
24.225306
24.308367
24.209158
24.262226
24.063793
23.803051
23.849195
24.006096
24.052252
24.370674
24.38913
24.564493
24.513729
24.71909
24.608335
24.668327
24.547779
24.686871
24.770323
24.710052
24.626598
24.668324
24.754097
24.531555
24.570955
24.417955
24.580233
24.71932
24.774969
24.955786
24.900148
24.911741
24.930286
24.925646
24.974331
24.918692
24.978968
24.930286
25.013739
24.985922
25.120382
25.284973
25.291933
25.31743
25.141243
25.125011
25.189928
25.182974
25.312794
25.319748
25.347565
25.410158
25.528389
25.621115
25.748623
25.832071
25.959581
25.945669
25.987402
26.117218
26.128817
26.100992
26.149675
26.219219
26.142719
26.46032
26.330502
26.358313
26.321228
26.267906
26.233135
26.258635
26.362957
26.3815
26.32354
26.525225
26.483505
26.531424
26.505833
26.219702
26.303446
26.249935
26.224352
26.224352
26.403482
26.456982
26.466282
26.452328
26.44302
26.433712
26.380209
26.426739
26.440697
26.412785
26.363932
26.28018
26.203417
26.389521
26.317404
26.305767
26.517469
26.484896
26.76638
26.943176
26.898977
26.964115
26.966436
27.066471
27.108349
27.054838
27.080425
27.194422
27.222334
27.233965
27.271183
27.250248
27.224657
27.359583
27.366566
26.850124
27.019947
27.196745
27.357262
27.396807
27.508467
27.675966
27.687593
27.720161
27.766685
27.910919
28.090042
28.071432
27.964422
28.027233
28.003965
27.727135
27.596869
27.810888
27.766685
27.722483
27.776428
27.993593
27.846485
27.925877
27.935221
28.051977
27.958569
27.678354
27.918877
27.552252
27.610634
27.629316
27.673687
27.40748
27.659666
27.732061
27.720387
28.005272
28.065987
28.229448
28.234114
28.31818
28.476967
28.467628
28.474636
28.474636
28.495649
28.528341
28.416256
28.406918
28.332193
28.404581
28.430271
28.332193
28.427933
28.507328
28.395235
28.444275
27.995932
28.101011
28.427933
28.441938
28.509661
28.040302
27.993593
28.042633
28.36722
28.266808
28.21076
28.215435
28.266808
28.350872
28.51667
28.733835
28.759525
28.579718
28.656769
28.754848
28.654438
28.936985
28.969679
28.990694
28.94166
28.95994
28.992758
28.995104
29.004482
28.887281
28.880245
28.702106
28.734922
28.891968
28.924784
29.046667
29.119337
29.187305
29.222466
29.417021
29.435772
29.417021
29.447495
29.54125
29.548286
29.604538
29.665478
29.712362
29.740492
29.693609
29.796747
29.656105
29.665478
29.562349
29.581099
30.02177
29.974888
30.01239
30.02177
30.040522
30.190533
30.312429
30.321798
30.396807
30.256172
30.265543
30.303053
30.237413
30.040522
30.303053
30.199911
30.237413
30.490568
30.481188
30.584324
30.603081
30.790596
30.546822
30.846855
30.762474
30.546822
30.481188
30.565573
30.687462
30.82811
30.949987
30.978119
31.024996
30.949987
31.172173
31.398123
31.285149
31.228668
31.209839
31.172173
31.106272
31.162766
31.200418
31.068617
31.332226
31.605246
31.727652
32.038319
32.104233
32.188961
32.085415
32.283115
32.518494
32.424343
32.791519
32.810337
32.94215
33.186924
33.337563
33.24342
33.290489
33.751808
33.52586
33.186924
33.299904
33.168091
32.499649
31.191004
31.887691
31.680571
30.418999
30.955645
31.473434
31.558172
32.010086
32.518494
32.48082
32.405502
32.311363
32.339607
32.895069
33.290489
32.904488
32.5938
32.104233
32.301949
32.659706
32.735012
32.819752
33.008049
33.610588
33.620007
33.36581
33.24342
33.24342
33.24342
32.733574
32.846867
32.676918
31.827196
31.119078
32.082115
31.30792
31.119078
31.647804
30.873604
31.232386
31.657249
31.846077
31.090765
31.232386
31.789421
31.610048
31.902729
31.808313
32.053787
32.582508
32.639156
32.346478
31.987703
31.94994
31.326794
31.38345
31.893278
31.940496
31.7139
31.921618
31.761103
31.779993
32.233189
32.403126
32.412567
32.743019
33.045147
33.101799
33.130123
32.799671
32.931854
32.875198
32.856319
33.101799
32.960178
33.20565
33.177334
33.177334
32.884651
33.24342
33.09235
33.526657
33.753269
33.847668
34.102585
33.95153
34.036499
34.055378
34.187565
34.074276
34.281986
34.225334
34.205437
34.006516
34.139133
33.883373
33.854961
33.258175
33.362381
32.955059
33.239231
33.277126
33.466579
33.210823
33.551834
33.911793
34.224388
34.309631
34.139133
34.565399
34.622227
34.53698
34.764317
34.802208
34.631706
34.641178
34.707485
34.868519
35.332672
34.991661
34.612759
34.186493
34.423306
34.53698
34.802208
34.934834
35.086388
35.181114
35.219006
35.200054
34.963238
34.887463
35.105328
34.821159
34.991661
35.076912
35.114807
35.181114
35.237946
35.209538
35.493706
35.815777
35.844196
36.156792
36.052589
36.090481
36.052589
35.730518
35.607372
35.531597
35.597904
35.796825
35.777885
36.071533
36.043114
35.692627
35.948387
35.910507
36.242039
36.147312
36.172985
36.192001
36.11594
36.325092
36.353619
36.477207
36.401146
36.401146
35.916306
35.640606
35.45998
35.469498
34.100525
33.511105
34.243126
33.910385
34.823032
34.804012
34.15757
34.052994
34.091019
33.910385
32.693531
33.520618
32.807606
32.38932
32.845634
33.406536
33.815327
33.492096
33.520618
33.758286
34.651913
34.594875
34.205097
33.349495
33.311466
33.035774
33.492096
33.520618
32.617474
32.085098
32.218197
32.037571
32.607967
32.703041
33.682236
33.606174
33.910385
34.414249
33.197376
33.282955
32.341797
32.579453
32.636494
32.883663
32.883663
32.161163
31.457668
31.581251
31.001343
30.497482
29.708433
28.959848
30.45892
30.774012
30.716728
31.031816
30.955429
30.182024
31.299162
31.509226
31.881611
32.015282
32.129871
32.101223
31.862514
32.368568
32.320824
32.569088
32.96056
32.511791
32.559536
32.597733
32.807785
32.444954
32.330383
32.96056
33.342484
33.342484
33.600296
33.79126
33.695778
33.380684
33.495266
33.533455
33.972675
34.039513
34.020424
34.32597
34.373714
34.392799
34.306873
34.612415
34.660152
34.669701
34.698349
34.698349
34.984787
34.870205
34.832024
34.641068
34.354603
34.24958
34.765179
34.879765
35.099373
35.06118
35.271248
35.31147
35.388119
35.426426
35.838367
35.186932
35.215675
35.483913
35.273155
35.397694
35.646763
35.991642
36.029968
36.106613
36.116192
36.240723
36.250309
36.125771
36.240723
36.211987
36.451481
36.46106
36.403587
36.25988
36.355682
36.441906
36.815514
36.748459
36.892155
37.035854
37.055016
37.055016
36.681404
36.62392
37.016689
36.88258
36.298199
36.269459
36.144932
36.317368
35.474327
35.73299
36.068287
36.508957
36.269459
35.982067
36.250309
36.240723
35.838367
35.876686
35.685089
35.407265
35.579712
35.100716
34.698364
35.397694
35.76173
36.039547
36.518536
36.671822
36.614342
36.585606
36.671822
36.643078
36.729294
37.064587
37.237026
37.60107
37.553165
37.541637
37.070431
36.964657
37.099289
37.243526
37.570473
37.762802
38.032051
37.955135
37.78204
37.897438
38.157066
38.1763
38.291695
38.310921
38.147453
37.974361
38.070526
37.83012
37.955135
38.157066
38.301311
38.108982
38.435936
38.349396
38.185909
37.666637
37.503159
37.243526
36.137665
36.637711
36.705025
37.464691
37.243526
36.810802
37.339699
36.26268
36.426151
36.906963
37.358917
37.070431
37.426235
37.349312
36.416534
36.849262
36.810802
37.00312
37.435852
37.407009
37.147366
37.541637
38.032051
38.032051
37.762802
37.541637
37.78204
37.983978
37.91666
37.762802
37.91666
37.91666
38.032051
37.810879
37.774216
37.43642
37.687344
37.648743
37.32061
37.532932
37.088985
36.452019
36.818756
37.330269
37.17585
36.587139
36.93457
37.137241
37.465374
37.407463
37.803154
37.745266
37.822464
37.542587
37.754902
37.426765
37.523285
37.716305
37.822464
38.092697
38.083046
38.285713
38.189205
38.401524
38.44978
38.343616
38.362926
38.440132
38.526989
38.488388
38.575253
38.63316
38.720009
38.990242
38.999897
39.115707
39.009544
38.913033
38.941978
39.250813
39.453495
39.646519
39.501751
39.106052
38.92268
39.144657
39.163967
39.463139
39.356983
39.279778
39.424538
39.65617
39.743031
40.003597
39.964993
39.99395
40.215919
40.437904
40.476646
40.496021
40.815739
40.815739
40.534779
40.602592
41.174198
40.873859
41.067623
41.02887
41.290451
41.697346
41.5714
41.997673
41.842667
41.958923
42.327068
42.569271
42.530521
42.520832
42.627403
42.249565
41.513268
42.104237
42.172058
42.288319
41.552029
41.997673
42.753338
42.97617
43.266804
43.03429
43.538078
43.499321
43.848087
43.799656
43.983738
43.886845
44.206551
43.906219
43.24744
41.687656
40.505714
40.534779
38.597168
38.6553
40.457279
39.217205
40.873859
39.546608
38.839371
35.971718
38.044949
36.175171
32.91029
35.981396
31.670219
33.355946
31.960865
32.29026
30.924242
30.385225
33.099758
33.284615
35.27916
34.033791
35.24025
34.773235
33.235973
33.965687
33.508396
35.9505
35.853203
36.874802
37.205608
37.079121
38.499626
37.857483
38.246666
38.995834
38.392601
37.118038
38.129906
38.120178
38.684486
39.054203
38.596916
39.81311
39.735271
38.703949
38.976379
39.423935
39.443386
39.968792
40.494179
40.708233
39.881222
39.346088
39.735271
39.997963
40.970921
40.727684
41.515774
41.136318
41.282269
41.457394
41.807659
41.817383
42.08009
42.313599
42.634663
43.004387
42.654125
43.636803
43.948143
43.987064
44.22057
41.885494
42.323322
42.712505
43.597885
43.588158
43.636803
43.490868
43.972836
44.255775
43.231339
43.660625
42.567886
43.104504
43.826481
44.255775
44.480186
45.387539
44.968002
45.4851
45.592419
45.826584
45.085083
45.592419
45.904633
45.641197
45.748531
46.626621
46.402222
46.704674
45.768047
45.514378
46.060741
45.621693
46.187576
46.246113
46.919315
47.387634
47.543736
47.826683
48.373051
48.070587
47.982792
47.436409
48.28524
48.392555
48.334015
48.626717
48.958439
48.724281
49.173084
49.456028
49.865803
50.158493
51.104881
51.026836
51.348797
51.348797
52.080544
52.73423
50.451195
49.768234
48.090107
49.338943
48.392555
48.255966
48.880386
49.358459
48.812092
48.265724
47.612038
47.401814
48.174244
46.922722
47.088932
47.998249
48.829346
48.663128
48.995571
49.445335
48.643574
49.54311
48.692459
49.601784
49.914658
50.559982
51.674629
51.469299
51.136856
50.931526
50.765308
49.953773
50.168884
50.09066
50.129768
50.344879
49.445335
49.582226
47.714703
48.360016
47.509373
47.832027
48.692459
50.393764
51.537743
51.596413
51.342186
50.775089
51.518185
51.117302
51.635529
52.085289
51.83107
51.234638
51.518185
51.12709
51.175972
51.801739
51.909298
52.143959
52.114624
52.759937
52.691494
52.613274
52.965271
53.023937
53.121712
52.388397
52.398174
52.427509
52.398174
53.082603
53.317268
53.659485
53.542156
53.376518
53.523529
53.2393
53.533329
54.180195
54.062584
54.003777
54.189999
53.415718
53.739151
53.278511
54.405621
54.983879
54.29781
54.091984
54.366413
53.827366
53.543129
54.170399
55.424931
55.748363
55.758167
56.209015
56.238422
54.787872
55.062298
53.944973
55.121101
55.934586
55.807167
56.356033
56.542244
56.797085
56.738274
56.620659
56.816685
57.140114
56.953899
56.806877
56.542244
56.189411
55.072094
54.954479
55.415134
53.797951
53.925377
55.326923
54.611439
53.278511
52.445408
53.288303
52.170982
53.758755
53.768555
54.836868
54.503639
54.925083
55.189705
55.238716
53.954781
54.121391
54.902206
54.735241
54.13612
54.106663
54.980774
55.029881
54.735241
55.393276
56.237923
57.33794
57.239716
57.475437
58.035267
58.555801
58.545979
59.086163
58.47723
59.410275
59.537949
59.145088
58.791515
59.243301
58.634373
59.390633
59.675453
59.508492
59.380806
59.626347
59.174557
59.056705
58.251335
58.133476
58.575439
58.987949
57.829014
57.583473
56.149529
56.729
57.740616
57.475437
57.033466
57.062935
57.956688
57.671867
58.516514
58.62455
58.71294
58.516514
58.663837
58.398659
58.467411
58.045082
58.850445
58.938835
58.997765
59.017418
59.567421
59.675453
60.205811
59.911167
59.695091
60.313854
59.842419
60.379604
60.950249
60.960083
61.245403
61.255245
61.845562
62.042332
61.953789
62.209587
62.977005
63.32135
63.61652
63.193447
63.606674
63.823128
63.793602
63.980537
63.606674
63.154095
62.465393
63.2328
63.64603
64.147789
65.043114
65.111977
64.521667
64.590538
64.718437
64.315056
64.246185
64.708595
64.747948
65.111977
64.944733
64.934891
64.659409
64.629883
64.984085
65.239868
65.515366
64.934891
64.275696
64.659409
65.32843
66.056488
66.086014
66.115517
65.80069
66.37133
67.128906
66.981331
67.138733
67.158417
67.345352
67.345352
67.197777
66.823898
66.272942
66.194221
66.056488
66.558258
66.558258
65.781006
64.573883
64.662575
65.224251
65.854904
65.973167
65.372063
63.58847
63.598335
63.085907
63.746132
62.465107
63.292854
63.687008
64.278259
64.06147
63.657452
63.480076
63.893955
65.076447
65.579002
66.160385
66.643234
66.613678
67.057106
66.761497
67.29361
67.441422
67.66806
68.446541
68.820992
68.771721
69.096916
69.619186
70.456772
70.456772
70.476486
70.131592
69.234871
69.392525
70.190727
70.151306
70.762253
70.712982
71.373215
71.698395
70.969185
70.732689
71.008606
69.579765
70.880508
69.845818
68.801292
69.451675
68.485954
69.136322
70.988899
71.412628
70.673569
71.452034
70.634148
69.806404
71.304237
69.806404
69.303841
68.49736
69.820129
70.807259
71.290955
72.534744
72.208992
72.238609
71.902969
71.537743
72.09053
71.498253
69.227837
69.000801
68.329544
68.418381
69.129128
69.474617
67.766876
67.875458
66.286171
65.535942
64.687012
63.068111
63.423477
62.130333
62.238918
61.735481
63.838081
65.50634
65.990028
66.74025
64.282288
65.091743
64.558685
65.180588
66.365143
64.914063
63.048363
63.058243
64.331642
64.390869
62.554798
61.932907
61.123447
59.701981
61.508438
62.564674
62.623898
61.666382
62.732487
62.03162
61.241913
58.991238
58.616131
60.807568
60.353489
59.277508
58.408829
60.175804
62.041489
62.870686
64.065109
63.981068
65.058952
64.129395
65.296288
65.355621
66.235733
67.254288
66.532394
65.474289
65.51384
66.641167
65.464394
64.089836
64.435959
63.773392
62.141735
61.84507
62.814178
61.508846
61.587955
62.784515
62.230736
61.083622
59.273956
59.916733
57.681847
57.820293
59.83762
57.20718
57.929073
58.12685
60.084846
57.187408
56.702847
54.477852
54.972298
53.409851
53.23185
54.972298
54.458076
55.793068
53.172516
52.885738
52.806629
53.864742
52.865963
53.469185
54.823963
56.673187
56.455624
56.050182
57.503849
56.109516
56.366627
56.87096
56.356735
54.883293
52.875854
50.60141
50.670631
51.817741
49.909184
50.275074
51.614517
51.604599
52.44733
54.251751
53.884918
52.2887
52.417583
51.83263
52.199467
52.943047
53.299969
54.360813
54.420296
53.478428
52.72493
52.556381
52.665443
53.646976
53.161167
54.787128
55.510883
56.442844
55.510883
55.302681
54.251751
56.413097
57.216164
58.44556
58.227436
57.870518
59.21888
59.456829
59.12965
58.941277
58.44556
60.061607
59.803833
60.993568
61.330654
61.300915
60.834934
60.953907
59.843491
58.336498
58.207611
58.356327
59.308113
56.93856
56.3437
55.71909
55.312599
55.451397
54.727646
54.509529
55.550541
55.917374
57.017876
57.731716
54.727646
54.98542
54.142693
53.726288
54.167576
53.640812
52.696606
52.179779
51.354839
51.036789
51.036789
52.000874
50.669048
49.794415
50.977158
52.597214
52.567398
52.140018
50.271492
49.744717
49.168262
49.118561
50.321182
48.840271
50.490147
50.987095
50.599476
50.221794
51.493988
52.120144
53.163742
52.020752
51.235569
52.557461
52.040634
51.484047
49.764599
48.870087
49.585697
50.112461
50.380814
49.208012
52.845688
53.720322
53.173679
53.760078
53.233315
53.004715
53.064346
52.54752
53.312824
53.839588
53.640812
52.726421
52.368618
54.64465
54.7341
54.575077
53.511604
52.487885
52.26923
52.865566
52.497826
53.183617
53.829651
53.46191
51.802094
51.07655
50.648003
50.628071
51.375534
50.47858
50.727734
50.349018
49.721149
50.578239
50.498508
49.890579
50.020134
49.442101
50.528412
50.528412
50.847328
51.54496
51.714382
51.93364
51.983467
51.265903
51.006786
51.983467
52.651203
52.61134
52.531609
53.229237
53.40863
52.581436
53.328899
53.936836
54.574669
54.205921
53.906937
54.783958
54.116226
53.757442
53.887005
54.425179
54.524837
54.6544
53.827206
53.597984
52.601368
52.561508
52.960152
52.282452
52.55154
52.292419
52.113029
52.481777
53.338867
53.548157
52.79073
52.880424
52.033298
51.305771
51.475197
52.362183
52.152897
53.11961
52.710999