31.647808
30.873611
31.232391
31.657249
31.846079
31.090765
31.232391
31.789433
31.610043
31.902725
31.80831
32.053791
32.582516
32.639168
32.346474
31.987701
31.94994
31.326797
31.383451
31.893284
31.940495
31.7139
31.921619
31.761112
31.779987
32.233181
32.403122
32.412571
32.743015
33.045155
33.101799
33.130112
32.799675
32.931858
32.875198
32.856319
33.101799
32.960171
33.205662
33.17733
33.17733
32.884647
33.243416
33.092358
33.526661
33.753254
33.847675
34.102596
33.951527
34.036495
34.055386
34.187553
34.074272
34.281982
34.22533
34.205448
34.006516
34.139137
33.883377
33.854961
33.258175
33.362381
32.955063
33.239231
33.277126
33.466576
33.210823
33.55183
33.911789
34.224373
34.309631
34.139137
34.565395
34.622231
34.536976
34.764317
34.802208
34.63171
34.641174
34.707485
34.868511
35.332672
34.991661
34.612762
34.186501
34.423313
34.536976
34.802208
34.934826
35.08638
35.18111
35.219009
35.200062
34.963245
34.887474
35.105331
34.821163
34.991661
35.076916
35.114803
35.18111
35.237946
35.209534
35.493713
35.815773
35.844196
36.156773
36.052589
36.090477
36.052589
35.730526
35.607376
35.531597
35.597904
35.796825
35.777882
36.071541
36.043114
35.692627
35.948391
35.910507
36.242039
36.14732
36.172981
36.192001
36.115944
36.325092
36.353615
36.4772
36.401142
36.401142
35.916306
35.640614
35.45998
35.469486
34.100525
33.511105
34.243118
33.910389
34.823032
34.80402
34.157562
34.052998
34.091019
33.910389
32.693523
33.520603
32.807613
32.389324
32.845642
33.406536
33.815319
33.492096
33.520603
33.758282
34.651913
34.59486
34.20509
33.349491
33.311466
33.035767
33.492096
33.520603
32.617474
32.085114
32.218197
32.037579
32.607979
32.703041
33.682224
33.606174
33.910389
34.414246
33.19738
33.282948
32.341782
32.579453
32.63649
32.883667
32.883667
32.161156
31.457664
31.581251
31.001343
30.497482
29.708431
28.959843
30.45892
30.774015
30.716722
31.031816
30.955427
30.182026
31.299162
31.509232
31.881611
32.015285
32.129871
32.101212
31.862511
32.368576
32.320827
32.569092
32.960567
32.511795
32.559536
32.597733
32.807796
32.444954
32.330372
32.960567
33.342495
33.342495
33.6003
33.791256
33.695782
33.380688
33.49527
33.533455
33.972679
34.039528
34.02042
34.325962
34.373707
34.392796
34.306866
34.612411
34.660156
34.669704
34.698345
34.698345
34.984795
34.87022
34.832024
34.641056
34.354603
34.249577
34.765179
34.879761
35.099373
35.061176
35.27124
35.311466
35.388115
35.426437
35.838371
35.186939
35.215675
35.48391
35.273151
35.397694
35.64677
35.99165
36.029976
36.106609
36.116188
36.240734
36.250309
36.125763
36.240734
36.211983
36.451477
36.461056
36.40358
36.25988
36.355686
36.441902
36.815517
36.748463
36.892159
37.035854
37.055019
37.055019
36.681396
36.623924
37.016697
36.88258
36.298206
36.269463
36.144928
36.317364
35.474335
35.732998
36.068287
36.508965
36.269463
35.982063
36.250309
36.240734
35.838371
35.87669
35.685097
35.407276
35.579704
35.100719
34.69836
35.397694
35.761734
36.039539
36.518536
36.671818
36.614342
36.585598
36.671818
36.643093
36.729298
37.064598
37.237034
37.601067
37.553165
37.541634
37.070431
36.964653
37.099285
37.243534
37.570484
37.76281
38.032059
37.955116
37.782036
37.89743
38.157074
38.1763
38.291698
38.310932
38.147446
37.974361
38.070522
37.830116
37.955116
38.157074
38.301311
38.108986
38.435936
38.349392
38.185909
37.666637
37.50317
37.243534
36.137672
36.637711
36.705021
37.464699
37.243534
36.810799
37.339699
36.262676
36.426159
36.906967
37.358917
37.070431
37.426231
37.349308
36.416527
36.849262
36.810799
37.003124
37.435856
37.407009
37.147366
37.541634
38.032059
38.032059
37.76281
37.541634
37.782036
37.983967
37.916664
37.76281
37.916664
37.916664
38.032059
37.810886
37.774208
37.43642
37.687355
37.648743
37.320606
37.532932
37.088985
36.452015
36.818756
37.330265
37.175842
36.587132
36.934563
37.137245
37.465378
37.407475
37.803158
37.745262
37.822464
37.542591
37.754906
37.426781
37.523285
37.716297
37.822464
38.092686
38.08305
38.285709
38.189209
38.401535
38.449787
38.343628
38.362919
38.440136
38.526989
38.488392
38.575249
38.633141
38.720005
38.990238
38.999889
39.115704
39.009548
38.913033
38.941982
39.25082
39.453491
39.646511
39.50174
39.106056
38.922684
39.144669
39.163956
39.463142
39.356979
39.27977
39.424541
39.656166
39.743027
40.003601
39.964996
39.99395
40.215923
40.437897
40.476643
40.496033
40.815742
40.815742
40.53479
40.602604
41.174191
40.873859
41.067619
41.02887
41.290447
41.697346
41.571404
41.997665
41.84267
41.95892
42.327068
42.569267
42.530521
42.520828
42.627396
42.249565
41.513275
42.104237
42.172058
42.288322
41.552021
41.997665
42.753345
42.976166
43.266808
43.034294
43.538074
43.499325
43.848091
43.799656
43.983727
43.886848
44.206551
43.906216
43.247433
41.687664
40.505707
40.53479
38.597176
38.655304
40.457275
39.217209
40.873859
39.546589
38.839367
35.97171
38.044956
36.175159
32.910286
35.981392
31.670219
33.355934
31.960865
32.290253
30.92424
30.385229
33.099758
33.284615
35.279163
34.033787
35.24025
34.773224
33.235973
33.965679
33.5084
35.9505
35.853199
36.874802
37.205605
37.079128
38.49963
37.857487
38.246662
38.995834
38.392609
37.118038
38.12991
38.120182
38.684483
39.054207
38.596916
39.81311
39.735275
38.703941
38.976372
39.423935
39.44339
39.968784
40.494179
40.708233
39.881214
39.346096
39.735275
39.997971
40.970924
40.727684
41.51577
41.136318
41.282261
41.457405
41.807659
41.817387
42.080082
42.313591
42.63467
43.004387
42.654129
43.636799
43.948151
43.987068
44.220581
41.885494
42.323318
42.712505
43.597889
43.588161
43.636799
43.49086
43.972839
44.255779
43.231339
43.660629
42.56789
43.104504
43.826485
44.255779
44.480183
45.387539
44.96801
45.4851
45.592426
45.826584
45.085091
45.592426
45.90464
45.641205
45.748524
46.626625
46.402222
46.70467
45.768044
45.51437
46.060738
45.621689
46.187584
46.246117
46.919315
47.387634
47.543736
47.826683
48.373051
48.070583
47.982784
47.436413
48.28524
48.392563
48.334019
48.62672
48.958439
48.724281
49.173088
49.45602
49.865803
50.158504
51.104889
51.026833
51.348804
51.348804
52.08054
52.734234
50.451191
49.768234
48.090107
49.338947
48.392563
48.255966
48.880386
49.358459
48.812096
48.265732
47.612038
47.401817
48.174244
46.922714
47.088932
47.998253
48.829346
48.663132
48.995567
49.445332
48.643574
49.543102
48.692463
49.601776
49.914661
50.559982
51.674629
51.469303
51.13686
50.93153
50.765316
49.95377
50.16888
50.09066
50.129765
50.344875
49.445332
49.582226
47.714703
48.36002
47.509369
47.832031
48.692463
50.393768
51.537743
51.596409
51.342197
50.775093
51.518185
51.11731
51.635521
52.085285
51.83107
51.234638
51.518185
51.127083
51.175964
51.801739
51.909294
52.143959
52.114628
52.759945
52.691494
52.613281
52.965271
53.023933
53.121712
52.388393
52.398174
52.427505
52.398174
53.082603
53.317268
53.659481
53.542152
53.376507
53.523525
53.239296
53.533329
54.180202
54.062584
54.00378
54.189999
53.415714
53.739155
53.278503
54.405621
54.983883
54.29781
54.091988
54.366421
53.827354
53.543129
54.170399
55.424931
55.748363
55.758167
56.209019
56.238415
54.787872
55.062294
53.944977
55.121098
55.934586
55.807171
56.35603
56.542252
56.797077
56.738274
56.620659
56.816685
57.140114
56.953896
56.806881
56.542252
56.189415
55.072094
54.954487
55.415131
53.797958
53.925373
55.326916
54.611443
53.278503
52.445415
53.288303
52.170979
53.758751
53.768555
54.836872
54.503632
54.925079
55.189709
55.238712
53.954777
54.121387
54.902206
54.735241
54.13612
54.106655
54.98077
55.029881
54.735241
55.393276
56.237926
57.33794
57.239719
57.475441
58.035263
58.555798
58.545982
59.086166
58.477234
59.410275
59.537949
59.145088
58.791523
59.243305
58.634373
59.390633
59.675453
59.508488
59.380806
59.626347
59.174553
59.056698
58.251335
58.133472
58.575447
58.987953
57.829006
57.583469
56.149532
56.729004
57.740623
57.475441
57.03347
57.062935
57.956688
57.671871
58.51651
58.62455
58.712948
58.51651
58.663837
58.398651
58.467403
58.045082
58.850449
58.938835
58.997772
59.017414
59.567417
59.675453
60.205814
59.911163
59.695095
60.31385
59.842411
60.379608
60.950249
60.960087
61.245403
61.255241
61.845562
62.042332
61.953785
62.209583
62.976997
63.321358
63.616516
63.193455
63.60667
63.823128
63.793602
63.980541
63.60667
63.154099
62.465393
63.2328
63.646034
64.147804
65.043106
65.111977
64.521675
64.590538
64.71843
64.315056
64.246178
64.708588
64.747955
65.111977
64.944717
64.934898
64.659409
64.629898
64.984085
65.239876
65.515358
64.934898
64.275696
64.659409
65.328423
66.056496
66.085999
66.115509
65.800682
66.371323
67.128906
66.981323
67.138733
67.158409
67.345352
67.345352
67.197769
66.823898
66.272934
66.194237
66.056496
66.558258
66.558258
65.781006
64.573883
64.662582
65.224251
65.854919
65.973167
65.37207
63.588474
63.598324
63.085915
63.746147
62.465107
63.29285
63.687012
64.278259
64.06147
63.657444
63.480076
63.893944
65.076439
65.579002
66.160393
66.643242
66.613678
67.057121
66.76149
67.293617
67.441422
67.668068
68.446541
68.820992
68.771721
69.096909
69.619179
70.456779
70.456779
70.476479
70.131592
69.234863
69.392532
70.190727
70.151299
70.76226
70.712982
71.373207
71.698395
70.969193
70.732697
71.008598
69.579765
70.880501
69.845825
68.801292
69.451668
68.485962
69.13633
70.988899
71.412613
70.673569
71.452042
70.634148
69.806404
71.304237
69.806404
69.303848
68.49736
69.820122
70.807251
71.290955
72.534744
72.208992
72.238602
71.902969
71.537735
72.090538
71.498245
69.227844
69.000801
68.329552
68.418388
69.129135
69.474617
67.766884
67.875465
66.286179
65.53595
64.687012
63.068111
63.423485
62.130329
62.238918
61.735477
63.838081
65.506348
65.990028
66.740257
64.282295
65.091736
64.558685
65.180573
66.365158
64.914055
63.048367
63.058235
64.331642
64.390877
62.554802
61.932911
61.123451
59.701977
61.508438
62.564671
62.623901
61.666378
62.732483
62.031616
61.241913
58.991241
58.616131
60.807568
60.353489
59.277508
58.408829
60.175804
62.041489
62.870686
64.065125
63.981068
65.058952
64.129395
65.29628
65.355614
66.235733
67.254288
66.532394
65.474281
65.513847
66.641174
65.464401
64.089844
64.435959
63.773392
62.141731
61.845066
62.814175
61.508846
61.587952
62.784515
62.230732
61.083626
59.273952
59.916733
57.681847
57.82029
59.837624
57.20718
57.929073
58.126846
60.084846
57.187408
56.70285
54.477848
54.972294
53.409847
53.231853
54.972294
54.458073
55.793068
53.17252
52.885738
52.806629
53.864742
52.865959
53.469181
54.823959
56.673183
56.455627
56.050182
57.503845
56.10952
56.366623
56.870956
56.356739
54.883293
52.875851
50.601406
50.670631
51.817745
49.909187
50.275078
51.614513
51.604599
52.447327
54.251755
53.884922
52.2887
52.417583
51.83263
52.199471
52.943047
53.299969
54.360813
54.420296
53.478424
52.72493
52.556381
52.665443
53.646973
53.161163
54.787132
55.510883
56.442844
55.510883
55.302681
54.251755
56.413097
57.216167
58.445557
58.22744
57.870522
59.21888
59.456829
59.12965
58.94128
58.445557
60.061607
59.803833
60.993565
61.330658
61.300911
60.834934
60.953903
59.843491
58.336498
58.207607
58.356327
59.308113
56.938564
56.343697
55.719086
55.312595
55.451401
54.727642
54.509529
55.550541
55.917377
57.017876
57.731716
54.727642
54.98542
54.142696
53.726284
54.167576
53.640812
52.696606
52.179779
51.354836
51.036789
51.036789
52.000877
50.669048
49.794415
50.977158
52.597214
52.567398
52.140018
50.271488
49.744717
49.168259
49.118561
50.321186
48.840271
50.490147
50.987095
50.599472
50.221794
51.493988
52.12014
53.163742
52.020756
51.235573
52.557461
52.04063
51.484047
49.764599
48.870087
49.585693
50.112461
50.380817
49.208015
52.845688
53.720322
53.173679
53.760078
53.233311
53.004715
53.064346
52.54752
53.31282
53.839588
53.640812
52.726421
52.368614
54.644653
54.734104
54.575077
53.511604
52.487888
52.26923
52.86557
52.497826
53.183617
53.829651
53.46191
51.802094
51.07655
50.648003
50.628071
51.375534
50.47858
50.727734
50.349018
49.721149
50.578239
50.498508
49.890579
50.020134
49.442101
50.528412
50.528412
50.847328
51.54496
51.714382
51.93364
51.983467
51.265903
51.006786
51.983467
52.651203
52.61134
52.531609
53.229237
53.40863
52.581436
53.328899
53.936836
54.574669
54.205921
53.906937
54.783958
54.116226
53.757442
53.887005
54.425179
54.524837
54.6544
53.827206
53.597984
52.601368
52.561508
52.960152
52.282452
52.55154
52.292419
52.113029
52.481777
53.338867
53.548157
52.79073
52.880424
52.033298
51.305771
51.475197
52.362183
52.152897
53.11961
52.710999
