50.669048
49.794415
50.977158
52.597214
52.567398
52.140018
50.271492
49.744717
49.168262
49.118561
50.321182
48.840271
50.490147
50.987095
50.599476
50.221794
51.493988
52.120144
53.163742
52.020752
51.235569
52.557461
52.040634
51.484047
49.764599
48.870087
49.585697
50.112461
50.380814
49.208012
52.845688
53.720322
53.173679
53.760078
53.233315
53.004715
53.064346
52.54752
53.312824
53.839588
53.640812
52.726421
52.368618
54.64465
54.7341
54.575077
53.511604
52.487885
52.26923
52.865566
52.497826
53.183617
53.829651
53.46191
51.802094
51.07655
50.648003
50.628071
51.375534
50.47858
50.727734
50.349018
49.721149
50.578239
50.498508
49.890579
50.020134
49.442101
50.528412
50.528412
50.847328
51.54496
51.714382
51.93364
51.983467
51.265903
51.006786
51.983467
52.651203
52.61134
52.531609
53.229237
53.40863
52.581436
53.328899
53.936836
54.574669
54.205921
53.906937
54.783958
54.116226
53.757442
53.887005
54.425179
54.524837
54.6544
53.827206
53.597984
52.601368
52.561508
52.960152
52.282452
52.55154
52.292419
52.113029
52.481777
53.338867
53.548157
52.79073
52.880424
52.033298
51.305771
51.475197
52.362183
52.152897
53.11961
52.710999
53.209999
53.98
53.23
53.52
53.759998
53.68