182.204178
178.345291
176.984467
177.596848
172.221573
172.289642
172.629852
169.237518
167.128235
168.158569
170.209518
168.80011
171.618942
174.048965
174.398895
172.270187
168.4599
169.043106
163.726181
164.649597
170.928833
165.485535
169.130585
167.711441
171.298187
165.514694
163.870605
161.414246
164.643723
161.169586
162.353714
166.111664
164.898148
171.239639
166.659683
164.036957
166.180161
166.297577
164.271835
166.37587
170.407806
174.16571
172.981583
170.69162
172.942429
168.646286
164.173965
166.219299
161.835052
158.126068
154.407303
150.248154
150.786392
152.587067
148.134323
146.989334
150.179657
149.338043
147.909241
152.616409
152.293472
150.864685
149.514191
150.365585
145.364822
145.912857
147.586288
151.383362
152.205383
150.277512
151.158264
150.991898
154.475815
157.108292
156.256897
161.120667
161.795914
162.980042
160.396469
159.711441
157.401886
167.873169
171.993164
176.219131
176.130478
174.574066
180.730759
182.149261
181.548355
180.070755
175.056763
180.385971
179.341812
182.612244
182.631927
180.622391
174.071671
175.795563
173.815552
168.880356
169.944244
169.619171
174.662704
166.959488
165.432617
164.250534
162.743378
163.679199
160.56636
160.664886
163.344284
165.895599
168.190811
168.033203
160.221588
162.792618
160.241287
162.792618
163.767838
163.580673
160.861893
160.192047
158.881897
158.064301
158.310562
160.369354
156.08429
152.469086
157.453552
162.684265
165.294708
164.053513
156.901901
154.449081
151.158951
149.287323
152.03566
146.125244
148.735687
149.247925
150.370895
151.424927
157.335342
159.236511
159.738922
155.512955
154.419525
160.218216
159.493378
161.747314
157.36853
155.41246
161.499084
164.517578
166.920456
163.822525
173.453888
178.219925
176.184433
176.313522
172.232605
174.119156
173.940414
171.180084
175.965988
177.713531
175.817062
171.775848
171.755981
179.18306
176.244003
176.402878
176.134781
173.106369
172.520538
175.112076
173.026932
176.224136
176.244003
174.575897
168.807007
168.350266
166.423981
164.914734
167.536057
163.534576
163.216843
162.621094
160.049423
163.852325
164.050903
162.05513
167.972946
165.748795
173.920563
175.429794
177.137634
177.604309
176.869553
177.743317
174.158859
172.530472
169.72049
171.775848
176.909256
175.787247
173.801407
172.868073
174
173.130005
177.210007
182.100006
184.720001
182.289993
181
183.490005
176.5
174.990005
175.789993
176.710007
176.339996
178.5
176.080002
175.320007
170.759995
169.800003
171.820007
169.139999
170.740005
171.449997
172.169998
174.080002
175.679993
173.050003
172.059998
176.220001
173.440002
171.639999
173.889999
175.729996
174.389999
177.130005
175.710007
179.160004
178.410004
176.320007
180.279999
179.509995
177.050003
177.490005
181.039993
183.360001
