184.047241
184.240387
180.397186
180.339264
173.27095
176.669907
178.29216
179.634369
177.819
180.580658
176.01329
172.17012
167.486847
169.601547
172.20874
167.979324
172.199097
168.800095
172.328506
174.466934
176.216568
182.583267
170.676102
166.622787
165.193924
167.79892
171.764755
165.884064
159.79924
157.923264
161.519714
163.531784
160.042236
162.073761
162.025162
161.004547
164.843979
166.039581
165.232819
162.608368
165.339722
166.214539
165.223083
160.275513
162.656967
167.633698
167.915573
165.592438
162.054306
167.497604
171.395386
173.475494
175.059875
175.409805
177.246918
174.06842
179.054855
179.72554
180.483719
185.664551
182.204178
178.345276
176.984451
177.596832
172.221588
172.289642
172.629837
169.237503
167.128235
168.158569
170.209518
168.80011
171.618927
174.048981
174.398895
172.270187
168.4599
169.043091
163.726181
164.649597
170.928833
165.485535
169.130569
167.711441
171.298172
165.514679
163.870605
161.414246
164.643723
161.169586
162.353714
166.111649
164.898148
171.239639
166.659683
164.036957
166.180145
166.297577
164.271835
166.37587
170.407806
174.165726
172.981583
170.691605
172.942429
168.646286
164.173965
166.219315
161.835068
158.126083
154.407303
150.248138
150.786392
152.587067
148.134308
146.989319
150.179657
149.338028
147.909241
152.616409
152.293472
150.864685
149.514191
150.365585
145.364807
145.912857
147.586273
151.383362
152.205383
150.277512
151.158279
150.991898
154.475815
157.108292
156.256897
161.120667
161.795914
162.980042
160.396484
159.711441
157.401886
167.873169
171.993164
176.219131
176.130478
174.574066
180.730759
182.149246
181.548355
180.070755
175.056763
180.385971
179.341797
182.612244
182.631927
180.622391
174.071686
175.795563
173.815552
168.880356
169.944229
169.619156
174.66272
166.959473
165.432617
164.250549
162.743378
163.679184
160.56636
160.664886
163.344284
165.895599
168.190811
168.033203
160.221588
162.792618
160.241287
162.792618
163.767853
163.580673
160.861893
160.192032
158.881897
158.064301
158.310577
160.369354
156.084305
152.469101
157.453552
162.684265
165.294708
164.053513
156.901917
154.449081
151.158951
149.287323
152.03566
146.125244
148.735687
149.24791
150.370895
151.424927
157.335342
159.236511
159.738922
155.512955
154.419525
160.218216
159.493378
161.747314
157.36853
155.41246
161.499084
164.517578
166.920456
163.822525
173.453888
178.219925
176.184433
176.313522
172.232605
174.119156
173.940414
171.180084
175.965988
177.713531
175.817062
171.775848
171.755981
179.18306
176.244003
176.402878
176.134781
173.106369
172.520538
175.112076
173.026932
176.224136
176.244003
174.575897
168.807007
168.350266
166.423981
164.914734
167.536057
163.534576
163.216843
162.621094
160.049423
163.852325
164.050903